0.445614040 -0.221007720 0.867515802 -0.939321816 -0.895225167 -0.110010475 0.431821227 -2.637977123 0.000000000 -0.969047606 -0.246873885 0.619602680 0.000000000 0.000000000 0.000000000 1.000000000
0.437037617 -0.222588420 0.871465683 -0.943903565 -0.899424613 -0.114368692 0.421847135 -2.614726543 0.005770107 -0.968180835 -0.250184923 0.651134610 0.000000000 0.000000000 0.000000000 1.000000000
0.432628453 -0.218883500 0.874598444 -0.945154965 -0.901516795 -0.115782410 0.416967362 -2.597420216 0.009995842 -0.968857229 -0.247417897 0.678248286 0.000000000 0.000000000 0.000000000 1.000000000
0.429229468 -0.217921972 0.876511216 -0.951316714 -0.903148055 -0.113483153 0.414059043 -2.580125570 0.009236682 -0.969345927 -0.245526105 0.702983677 0.000000000 0.000000000 0.000000000 1.000000000
0.428141683 -0.218452886 0.876910925 -0.958856702 -0.903607309 -0.118208386 0.411728412 -2.564804554 0.013714965 -0.968661427 -0.248005554 0.726309061 0.000000000 0.000000000 0.000000000 1.000000000
0.425973505 -0.218478605 0.877959788 -0.959637105 -0.904670894 -0.114454597 0.410451651 -2.548076391 0.010811618 -0.969106257 -0.246405870 0.746587217 0.000000000 0.000000000 0.000000000 1.000000000
0.420888782 -0.220225170 0.879973412 -0.954755068 -0.907083988 -0.109810203 0.406374365 -2.538185835 0.007136189 -0.969248176 -0.245980680 0.762111902 0.000000000 0.000000000 0.000000000 1.000000000
0.416294694 -0.220984370 0.881966174 -0.953214586 -0.909181237 -0.111169457 0.401286066 -2.530762911 0.009369751 -0.968920350 -0.247194171 0.780389011 0.000000000 0.000000000 0.000000000 1.000000000
0.414859354 -0.224565119 0.881738007 -0.947011948 -0.909849346 -0.111012638 0.399812609 -2.518409252 0.008100083 -0.968114734 -0.250375122 0.789417624 0.000000000 0.000000000 0.000000000 1.000000000
0.420027405 -0.229700744 0.877960265 -0.937310636 -0.907498479 -0.111444704 0.405001670 -2.510397911 0.004814837 -0.966859460 -0.255262971 0.799443960 0.000000000 0.000000000 0.000000000 1.000000000
0.420394152 -0.226715505 0.878560483 -0.937293947 -0.907322109 -0.111353636 0.405421615 -2.504638195 0.005915545 -0.967574418 -0.252516478 0.804982185 0.000000000 0.000000000 0.000000000 1.000000000
0.420245707 -0.224435449 0.879216731 -0.930187106 -0.907397330 -0.109109834 0.405863225 -2.501549482 0.004841082 -0.968361259 -0.249505147 0.814460695 0.000000000 0.000000000 0.000000000 1.000000000
0.420915484 -0.224491760 0.878881931 -0.928761184 -0.907099724 -0.104373880 0.407769620 -2.502823114 0.000191392 -0.968870103 -0.247569099 0.820540905 0.000000000 0.000000000 0.000000000 1.000000000
0.425289989 -0.221075371 0.877641201 -0.919987559 -0.905056775 -0.104684390 0.412205547 -2.501962185 0.000746841 -0.969621897 -0.244607002 0.826414406 0.000000000 0.000000000 0.000000000 1.000000000
0.424055994 -0.220072657 0.878489912 -0.908833504 -0.905635893 -0.103489377 0.411234409 -2.503710508 0.000412939 -0.969978273 -0.243190974 0.821771920 0.000000000 0.000000000 0.000000000 1.000000000
0.425701171 -0.210995197 0.879920244 -0.900871277 -0.904848516 -0.104928896 0.412600696 -2.499828339 0.005272295 -0.971838772 -0.235587031 0.822526097 0.000000000 0.000000000 0.000000000 1.000000000
0.429487526 -0.210289672 0.878247678 -0.892829001 -0.903059602 -0.105280332 0.416412920 -2.502095699 0.004894862 -0.971953690 -0.235120669 0.823027551 0.000000000 0.000000000 0.000000000 1.000000000
0.429645389 -0.206342548 0.879106343 -0.889193416 -0.902995169 -0.100524224 0.417725921 -2.507408857 0.002176844 -0.973302245 -0.229516059 0.819423914 0.000000000 0.000000000 0.000000000 1.000000000
0.430815339 -0.210661262 0.877507985 -0.880847335 -0.902438641 -0.098812059 0.419333845 -2.512099981 -0.001629029 -0.972552061 -0.232678592 0.816188812 0.000000000 0.000000000 0.000000000 1.000000000
0.431503326 -0.208414942 0.877706349 -0.874084711 -0.902094066 -0.093676813 0.421249390 -2.520364761 -0.005573937 -0.973543704 -0.228431791 0.818466783 0.000000000 0.000000000 0.000000000 1.000000000
0.432371616 -0.199848533 0.879270017 -0.866865873 -0.901669383 -0.088407002 0.423292637 -2.525489092 -0.006860778 -0.975830078 -0.218421996 0.812762856 0.000000000 0.000000000 0.000000000 1.000000000
0.440337598 -0.193862870 0.876652896 -0.851988971 -0.897797048 -0.086435616 0.431844145 -2.537501812 -0.007944476 -0.977213085 -0.212110370 0.809336364 0.000000000 0.000000000 0.000000000 1.000000000
0.442155093 -0.190939099 0.876379728 -0.841615021 -0.896903396 -0.085473664 0.433887690 -2.548353910 -0.007938687 -0.977873147 -0.209046513 0.800467789 0.000000000 0.000000000 0.000000000 1.000000000
0.445898831 -0.183453128 0.876081824 -0.830814302 -0.895076215 -0.087499373 0.437244058 -2.558957577 -0.003557132 -0.979126155 -0.203220382 0.784590065 0.000000000 0.000000000 0.000000000 1.000000000
0.454163045 -0.177875102 0.872981429 -0.816900432 -0.890907407 -0.085800909 0.446006745 -2.571564674 -0.004430871 -0.980304956 -0.197437882 0.773121893 0.000000000 0.000000000 0.000000000 1.000000000
0.457936108 -0.174426109 0.871705413 -0.810836554 -0.888976395 -0.085547887 0.449891478 -2.580228090 -0.003900227 -0.980946541 -0.194236219 0.764397442 0.000000000 0.000000000 0.000000000 1.000000000
0.464100689 -0.170453578 0.869227529 -0.804375112 -0.885779500 -0.086837769 0.455909818 -2.585999966 -0.002229657 -0.981531382 -0.191285834 0.749164939 0.000000000 0.000000000 0.000000000 1.000000000
0.471188486 -0.161695778 0.867084980 -0.795452416 -0.882028759 -0.083576500 0.463724136 -2.595854521 -0.002514307 -0.983294785 -0.182000741 0.734943449 0.000000000 0.000000000 0.000000000 1.000000000
0.480366945 -0.151569784 0.863871932 -0.785323977 -0.877057910 -0.087592639 0.472331196 -2.604601145 0.004077680 -0.984557509 -0.175012231 0.723151088 0.000000000 0.000000000 0.000000000 1.000000000
0.490802288 -0.144815236 0.859152079 -0.782416761 -0.871251583 -0.088118486 0.482861936 -2.613226414 0.005781398 -0.985526800 -0.169419408 0.713457465 0.000000000 0.000000000 0.000000000 1.000000000
0.497725815 -0.137972310 0.856290460 -0.772134364 -0.867296398 -0.088388219 0.489881903 -2.627834797 0.008095833 -0.986483932 -0.163656130 0.695521891 0.000000000 0.000000000 0.000000000 1.000000000
0.503111839 -0.129575387 0.854452729 -0.768042445 -0.864098430 -0.092079937 0.494828343 -2.635712862 0.014560351 -0.987284660 -0.158292532 0.676798165 0.000000000 0.000000000 0.000000000 1.000000000
0.509378910 -0.124129988 0.851543128 -0.764175057 -0.860421896 -0.090002395 0.501571059 -2.638330698 0.014380896 -0.988175571 -0.152649641 0.663840950 0.000000000 0.000000000 0.000000000 1.000000000
0.512056410 -0.116581097 0.851004004 -0.761662304 -0.858782291 -0.089147605 0.504524887 -2.639628649 0.017046891 -0.989171922 -0.145766586 0.650548577 0.000000000 0.000000000 0.000000000 1.000000000
0.515184283 -0.116087295 0.849181771 -0.758772969 -0.856932342 -0.088104926 0.507842720 -2.644565821 0.015863007 -0.989323437 -0.144869417 0.636848986 0.000000000 0.000000000 0.000000000 1.000000000
0.519572794 -0.112703100 0.846960962 -0.751053870 -0.854258716 -0.088126943 0.512323558 -2.648442507 0.016899614 -0.989712775 -0.142066151 0.630332232 0.000000000 0.000000000 0.000000000 1.000000000
0.523530006 -0.105810620 0.845411837 -0.746067762 -0.851820350 -0.085768700 0.516764522 -2.649034977 0.017830687 -0.990680397 -0.135034308 0.615830064 0.000000000 0.000000000 0.000000000 1.000000000
0.535582840 -0.102770455 0.838206470 -0.739543617 -0.844288111 -0.086452842 0.528869808 -2.650613308 0.018113146 -0.990941048 -0.133070707 0.604396045 0.000000000 0.000000000 0.000000000 1.000000000
0.540384650 -0.093443252 0.836213827 -0.736405373 -0.841141045 -0.085482270 0.534017265 -2.650060177 0.021581167 -0.991948128 -0.124792449 0.597879410 0.000000000 0.000000000 0.000000000 1.000000000
0.543721437 -0.094322950 0.833949089 -0.733703673 -0.838944852 -0.088549040 0.536964178 -2.650328398 0.023197381 -0.991595745 -0.127277955 0.593823493 0.000000000 0.000000000 0.000000000 1.000000000
0.545048833 -0.089049779 0.833662212 -0.729281843 -0.838197529 -0.079944372 0.539475381 -2.645953655 0.018606495 -0.992813706 -0.118215062 0.585696101 0.000000000 0.000000000 0.000000000 1.000000000
0.543554425 -0.086636245 0.834891379 -0.735479355 -0.839223325 -0.074916996 0.538601518 -2.642596483 0.015885202 -0.993419170 -0.113428771 0.571887314 0.000000000 0.000000000 0.000000000 1.000000000
0.546632111 -0.084514499 0.833097577 -0.735115111 -0.837238431 -0.072966903 0.541947901 -2.644312143 0.014986146 -0.993746996 -0.110644996 0.562477708 0.000000000 0.000000000 0.000000000 1.000000000
0.548919320 -0.077236630 0.832299829 -0.740965784 -0.835651338 -0.073739544 0.544287682 -2.639371157 0.019334514 -0.994282126 -0.105020113 0.555561543 0.000000000 0.000000000 0.000000000 1.000000000
0.552366436 -0.077573352 0.829984725 -0.743445992 -0.833475053 -0.068709180 0.548268378 -2.630249262 0.014496599 -0.994616210 -0.102608256 0.551842213 0.000000000 0.000000000 0.000000000 1.000000000
0.557283163 -0.069650598 0.827396691 -0.750010252 -0.830209970 -0.063126229 0.553864896 -2.630754471 0.013653439 -0.995572150 -0.093003973 0.538619339 0.000000000 0.000000000 0.000000000 1.000000000
0.556131184 -0.067566104 0.828344047 -0.755377531 -0.830940664 -0.064370163 0.552624643 -2.617984295 0.015981968 -0.995636165 -0.091941856 0.534123003 0.000000000 0.000000000 0.000000000 1.000000000
0.558057964 -0.064883046 0.827261925 -0.763164163 -0.829622924 -0.064326398 0.554606080 -2.608222246 0.017230274 -0.995817363 -0.089726500 0.534305096 0.000000000 0.000000000 0.000000000 1.000000000
0.555851400 -0.067587100 0.828530014 -0.764705300 -0.831115007 -0.065124847 0.552273929 -2.606811523 0.016631326 -0.995585680 -0.092372559 0.529488742 0.000000000 0.000000000 0.000000000 1.000000000
0.557460189 -0.069416702 0.827296972 -0.771951020 -0.830091834 -0.062936366 0.554063499 -2.590103388 0.013605823 -0.995600522 -0.092706926 0.527340293 0.000000000 0.000000000 0.000000000 1.000000000
0.558350444 -0.070559978 0.826599598 -0.776233077 -0.829540491 -0.059887312 0.555225790 -2.583443403 0.010326125 -0.995708227 -0.091970637 0.528038442 0.000000000 0.000000000 0.000000000 1.000000000
0.555756807 -0.073523596 0.828087926 -0.788401604 -0.831303358 -0.059062373 0.552671790 -2.577157021 0.008274447 -0.995543063 -0.093944892 0.520286143 0.000000000 0.000000000 0.000000000 1.000000000
0.558534086 -0.073470972 0.826221943 -0.796584249 -0.829432070 -0.060304295 0.555342734 -2.561315536 0.009023186 -0.995472491 -0.094621338 0.520210505 0.000000000 0.000000000 0.000000000 1.000000000
0.561136901 -0.074096531 0.824400485 -0.807093799 -0.827642798 -0.064058080 0.557587326 -2.546786308 0.011494250 -0.995191574 -0.097270951 0.521126509 0.000000000 0.000000000 0.000000000 1.000000000
0.564122379 -0.071482256 0.822591782 -0.810730338 -0.825611115 -0.062673271 0.560747743 -2.531561613 0.011471032 -0.995470941 -0.094372064 0.520153284 0.000000000 0.000000000 0.000000000 1.000000000
0.563368797 -0.073019467 0.822973132 -0.822572947 -0.826135159 -0.062739395 0.559967875 -2.511153698 0.010744330 -0.995355189 -0.095669501 0.522075355 0.000000000 0.000000000 0.000000000 1.000000000
0.561679363 -0.074025102 0.824037313 -0.838894427 -0.827280879 -0.063522868 0.558185101 -2.500566721 0.011025562 -0.995231152 -0.096919186 0.527764857 0.000000000 0.000000000 0.000000000 1.000000000
0.559945822 -0.068758920 0.825671792 -0.851826608 -0.828459144 -0.059369370 0.556893349 -2.482244492 0.010728285 -0.995865107 -0.090207741 0.530214429 0.000000000 0.000000000 0.000000000 1.000000000
0.555393279 -0.074215524 0.828270137 -0.865788579 -0.831549466 -0.059044406 0.552303076 -2.466625929 0.007915311 -0.995492578 -0.094506897 0.529975414 0.000000000 0.000000000 0.000000000 1.000000000
0.555061221 -0.073362164 0.828568757 -0.876261890 -0.831728101 -0.062825456 0.551616430 -2.455796957 0.011587474 -0.995324373 -0.095889509 0.536125302 0.000000000 0.000000000 0.000000000 1.000000000
0.554303050 -0.077860288 0.828665793 -0.888389826 -0.832220197 -0.066811323 0.550404489 -2.437752485 0.012509637 -0.994722903 -0.101830803 0.536067426 0.000000000 0.000000000 0.000000000 1.000000000
0.551544905 -0.080767229 0.830226481 -0.903645158 -0.834103644 -0.063261263 0.547967553 -2.421194315 0.008263376 -0.994723201 -0.102259830 0.535100698 0.000000000 0.000000000 0.000000000 1.000000000
0.550403059 -0.082821004 0.830781758 -0.914189994 -0.834891796 -0.058589641 0.547286332 -2.405177355 0.003348425 -0.994840324 -0.101394653 0.536630094 0.000000000 0.000000000 0.000000000 1.000000000
0.550399482 -0.084322490 0.830633044 -0.925537050 -0.834900618 -0.056232192 0.547519982 -2.393681765 0.000540093 -0.994850099 -0.101351224 0.539780200 0.000000000 0.000000000 0.000000000 1.000000000
0.550343692 -0.079221711 0.831171989 -0.938118160 -0.834922194 -0.058263723 0.547274709 -2.383806229 0.005071162 -0.995152354 -0.098209195 0.537057042 0.000000000 0.000000000 0.000000000 1.000000000
0.546347558 -0.077029310 0.834009707 -0.952034175 -0.837534428 -0.057718072 0.543326974 -2.371874571 0.006285366 -0.995356262 -0.096048996 0.535757184 0.000000000 0.000000000 0.000000000 1.000000000
0.549004316 -0.075427152 0.832409978 -0.961920321 -0.835768521 -0.060480833 0.545740306 -2.356341839 0.009181253 -0.995314896 -0.096244052 0.543281794 0.000000000 0.000000000 0.000000000 1.000000000
0.546622396 -0.074677989 0.834043443 -0.977492750 -0.837333977 -0.059021607 0.543495774 -2.343894720 0.008639480 -0.995459020 -0.094793096 0.545242369 0.000000000 0.000000000 0.000000000 1.000000000
0.547595561 -0.069880463 0.833820760 -0.985495627 -0.836676538 -0.058245674 0.544590950 -2.335425138 0.010510249 -0.995853007 -0.090362549 0.540806949 0.000000000 0.000000000 0.000000000 1.000000000
0.548042536 -0.069044344 0.833596647 -0.993588388 -0.836386144 -0.057525396 0.545113325 -2.324535370 0.010316026 -0.995953262 -0.089274235 0.536608219 0.000000000 0.000000000 0.000000000 1.000000000
0.549377978 -0.080117382 0.831724703 -1.007421613 -0.835568428 -0.056028977 0.546521306 -2.318072796 0.002814854 -0.995209098 -0.097724795 0.532326996 0.000000000 0.000000000 0.000000000 1.000000000
0.546331763 -0.078857012 0.833848953 -1.009728312 -0.837544620 -0.058896933 0.543184757 -2.304233551 0.006277251 -0.995144069 -0.098223679 0.531320274 0.000000000 0.000000000 0.000000000 1.000000000
0.543772817 -0.080293626 0.835383058 -1.007984638 -0.839204907 -0.059993926 0.540495515 -2.295284986 0.006719590 -0.994963706 -0.100006007 0.524741650 0.000000000 0.000000000 0.000000000 1.000000000
0.545041203 -0.083194546 0.834271848 -1.011231422 -0.838408113 -0.055212896 0.542238951 -2.286472321 0.000951279 -0.995002210 -0.099844433 0.517214417 0.000000000 0.000000000 0.000000000 1.000000000
0.546932399 -0.076885670 0.833639085 -1.011206865 -0.837171257 -0.053656224 0.544302344 -2.283483505 0.002880929 -0.995594680 -0.093712948 0.513916373 0.000000000 0.000000000 0.000000000 1.000000000
0.548634529 -0.074186124 0.832764745 -1.015219569 -0.836043477 -0.055245925 0.545874298 -2.275281191 0.005510602 -0.995712459 -0.092332795 0.502998888 0.000000000 0.000000000 0.000000000 1.000000000
0.547217309 -0.078840382 0.833269298 -1.015237331 -0.836989701 -0.052194428 0.544723213 -2.273824692 0.000545894 -0.995519459 -0.094550431 0.497494221 0.000000000 0.000000000 0.000000000 1.000000000
0.549612880 -0.072514035 0.832266569 -1.020060182 -0.835416853 -0.045512095 0.547728777 -2.268261433 -0.001839763 -0.996327996 -0.085593633 0.489536971 0.000000000 0.000000000 0.000000000 1.000000000
0.556472242 -0.068316869 0.828052938 -1.018815398 -0.830861986 -0.048686542 0.554344058 -2.272784233 0.002444036 -0.996474504 -0.083854757 0.475818217 0.000000000 0.000000000 0.000000000 1.000000000
0.554763794 -0.061530687 0.829729617 -1.016033053 -0.831976712 -0.049575802 0.552590549 -2.271901608 0.007133297 -0.996872663 -0.078695118 0.459006846 0.000000000 0.000000000 0.000000000 1.000000000
0.553224862 -0.059538815 0.830901623 -1.010585427 -0.833004296 -0.047578055 0.551216304 -2.269620180 0.006713983 -0.997090936 -0.075917631 0.437526733 0.000000000 0.000000000 0.000000000 1.000000000
0.552144408 -0.058464270 0.831696272 -1.010467052 -0.833684683 -0.050996598 0.549880385 -2.274067402 0.010265395 -0.996985495 -0.076898426 0.430751741 0.000000000 0.000000000 0.000000000 1.000000000
0.556148112 -0.057097733 0.829119563 -1.006046176 -0.831024528 -0.050001755 0.553983092 -2.280810833 0.009826306 -0.997115076 -0.075258173 0.412576914 0.000000000 0.000000000 0.000000000 1.000000000
0.561775267 -0.055358849 0.825435698 -0.992297113 -0.827175140 -0.054156389 0.559327543 -2.284563780 0.013738913 -0.996996045 -0.076215386 0.404957056 0.000000000 0.000000000 0.000000000 1.000000000
0.560896456 -0.051232852 0.826299310 -0.986166537 -0.827712893 -0.055070985 0.558441877 -2.290317535 0.016894566 -0.997166574 -0.073295370 0.395489514 0.000000000 0.000000000 0.000000000 1.000000000
0.563201070 -0.047705874 0.824941814 -0.978350401 -0.826155543 -0.052379709 0.561000943 -2.292261839 0.016447179 -0.997486532 -0.068912931 0.382199883 0.000000000 0.000000000 0.000000000 1.000000000
0.567125261 -0.045209028 0.822390079 -0.970075607 -0.823559523 -0.044270422 0.565498471 -2.294388294 0.010841928 -0.997995555 -0.062339358 0.367581069 0.000000000 0.000000000 0.000000000 1.000000000
0.570693493 -0.045061029 0.819926023 -0.961551428 -0.821118236 -0.041679740 0.569233179 -2.298676014 0.008524078 -0.998113751 -0.060786929 0.352660716 0.000000000 0.000000000 0.000000000 1.000000000
0.567012787 -0.048903950 0.822256088 -0.947898567 -0.823707938 -0.034554888 0.565959334 -2.305908918 0.000735330 -0.998204887 -0.059875760 0.344452411 0.000000000 0.000000000 0.000000000 1.000000000
0.564266324 -0.046331041 0.824291825 -0.930599213 -0.825585723 -0.027717236 0.563594580 -2.303411961 -0.003264810 -0.998540878 -0.053890266 0.331501126 0.000000000 0.000000000 0.000000000 1.000000000
0.566667199 -0.047112226 0.822598815 -0.922236145 -0.823945224 -0.030835073 0.565829098 -2.309521675 -0.001292555 -0.998412967 -0.056291245 0.319121331 0.000000000 0.000000000 0.000000000 1.000000000
0.570565164 -0.048535950 0.819816828 -0.909615517 -0.821239173 -0.028182965 0.569886863 -2.317140818 -0.004555125 -0.998423219 -0.055939946 0.304285258 0.000000000 0.000000000 0.000000000 1.000000000
0.571671903 -0.046875682 0.819142044 -0.890971899 -0.820470095 -0.027354140 0.571033716 -2.323997498 -0.004360674 -0.998525620 -0.054097809 0.297503084 0.000000000 0.000000000 0.000000000 1.000000000
0.574943721 -0.042524636 0.817086875 -0.880856931 -0.818190932 -0.028061647 0.574260354 -2.327577591 -0.001491430 -0.998700857 -0.050927237 0.290202856 0.000000000 0.000000000 0.000000000 1.000000000
0.575900197 -0.043920569 0.816339016 -0.859958410 -0.817503214 -0.024679285 0.575393856 -2.330283403 -0.005124992 -0.998729765 -0.050118100 0.284148306 0.000000000 0.000000000 0.000000000 1.000000000
0.572132289 -0.041245036 0.819123209 -0.848116219 -0.820132136 -0.020444583 0.571807683 -2.336039305 -0.006837637 -0.998939455 -0.045523480 0.272298098 0.000000000 0.000000000 0.000000000 1.000000000
0.570868134 -0.039586574 0.820086420 -0.830599248 -0.821006298 -0.018347453 0.570623040 -2.335969448 -0.007542571 -0.999047339 -0.042974919 0.262660831 0.000000000 0.000000000 0.000000000 1.000000000
0.568041980 -0.043081947 0.821870685 -0.813047051 -0.822983742 -0.023728123 0.567567945 -2.333935499 -0.004950536 -0.998789370 -0.048934441 0.258667260 0.000000000 0.000000000 0.000000000 1.000000000
0.564612567 -0.039375771 0.824415743 -0.796136022 -0.825329900 -0.019131057 0.564325333 -2.337827206 -0.006448860 -0.999040961 -0.043299764 0.253558308 0.000000000 0.000000000 0.000000000 1.000000000
0.565897584 -0.045004111 0.823245883 -0.786958873 -0.824420750 -0.019480968 0.565640628 -2.336858988 -0.009418603 -0.998796403 -0.048126686 0.250590473 0.000000000 0.000000000 0.000000000 1.000000000
0.565142751 -0.040626712 0.823991895 -0.774247944 -0.824972689 -0.020956598 0.564782500 -2.338902950 -0.005677261 -0.998954237 -0.045359533 0.247649461 0.000000000 0.000000000 0.000000000 1.000000000
0.564975500 -0.038961764 0.824186981 -0.757592916 -0.825093925 -0.021118421 0.564599216 -2.335710287 -0.004592326 -0.999017119 -0.044078641 0.243909553 0.000000000 0.000000000 0.000000000 1.000000000
0.565171480 -0.042894885 0.823857188 -0.741441965 -0.824962616 -0.024493759 0.564654768 -2.340309143 -0.004041520 -0.998778939 -0.049229980 0.245923221 0.000000000 0.000000000 0.000000000 1.000000000
0.564747691 -0.044095319 0.824084461 -0.727885067 -0.825213730 -0.019292325 0.564489484 -2.337948084 -0.008992923 -0.998840690 -0.047283493 0.243519753 0.000000000 0.000000000 0.000000000 1.000000000
0.562179029 -0.049478151 0.825533867 -0.713153839 -0.826944232 -0.020617623 0.561904192 -2.335136890 -0.010781506 -0.998561978 -0.052506633 0.245007843 0.000000000 0.000000000 0.000000000 1.000000000
0.563436389 -0.048685584 0.824723303 -0.693704307 -0.826074839 -0.019007366 0.563238204 -2.340935946 -0.011745824 -0.998632908 -0.050927538 0.248962417 0.000000000 0.000000000 0.000000000 1.000000000
0.565029144 -0.047959916 0.823675513 -0.676028669 -0.825024068 -0.022315565 0.564655244 -2.344754219 -0.008700093 -0.998599589 -0.052177168 0.247638628 0.000000000 0.000000000 0.000000000 1.000000000
0.560445905 -0.042627513 0.827092946 -0.668195009 -0.828180850 -0.024143960 0.559939206 -2.345135212 -0.003899580 -0.998798847 -0.048834790 0.256611854 0.000000000 0.000000000 0.000000000 1.000000000
0.557972729 -0.043100785 0.828738987 -0.652015686 -0.829838634 -0.022092566 0.557564616 -2.344928026 -0.005722569 -0.998826087 -0.048093859 0.264782846 0.000000000 0.000000000 0.000000000 1.000000000
0.555448651 -0.046641998 0.830241501 -0.637146235 -0.831524312 -0.023318615 0.554997265 -2.349338055 -0.006526166 -0.998639107 -0.051736359 0.271648765 0.000000000 0.000000000 0.000000000 1.000000000
0.557655275 -0.044794001 0.828862965 -0.621369243 -0.830059469 -0.024670495 0.557127595 -2.347012520 -0.004507577 -0.998691142 -0.050939433 0.274280429 0.000000000 0.000000000 0.000000000 1.000000000
0.556224465 -0.046202809 0.829746604 -0.609689653 -0.831030488 -0.029715847 0.555431128 -2.348371983 -0.001005917 -0.998489559 -0.054924745 0.275336415 0.000000000 0.000000000 0.000000000 1.000000000
0.555817008 -0.042501032 0.830217302 -0.600460887 -0.831288159 -0.034517102 0.554767549 -2.349115610 0.005078439 -0.998499513 -0.054515902 0.277608305 0.000000000 0.000000000 0.000000000 1.000000000
0.551353037 -0.044887617 0.833063364 -0.585128725 -0.834216654 -0.041055858 0.549904823 -2.342118263 0.009518142 -0.998147547 -0.060082387 0.283209562 0.000000000 0.000000000 0.000000000 1.000000000
0.549905717 -0.050069716 0.833724439 -0.574655712 -0.835200727 -0.040667403 0.548437953 -2.339554787 0.006445209 -0.997916996 -0.064181626 0.286350399 0.000000000 0.000000000 0.000000000 1.000000000
0.554403484 -0.052485943 0.830591142 -0.563529491 -0.832238555 -0.039428055 0.553012490 -2.335335970 0.003723149 -0.997842610 -0.065539993 0.288626760 0.000000000 0.000000000 0.000000000 1.000000000
0.555839121 -0.056316197 0.829379797 -0.555630624 -0.831288576 -0.038227089 0.554523528 -2.338249683 0.000476046 -0.997680485 -0.068063222 0.294054985 0.000000000 0.000000000 0.000000000 1.000000000
0.551344097 -0.057056159 0.832324266 -0.550216317 -0.834272325 -0.034492016 0.550270855 -2.334586382 -0.002687891 -0.997774541 -0.066617489 0.303153723 0.000000000 0.000000000 0.000000000 1.000000000
0.552707374 -0.053700514 0.831643105 -0.538876832 -0.833373606 -0.036699161 0.551488578 -2.330935001 0.000905291 -0.997882009 -0.065036610 0.307031810 0.000000000 0.000000000 0.000000000 1.000000000
0.550642848 -0.055659667 0.832883000 -0.528074622 -0.834737778 -0.034595542 0.549558103 -2.327981234 -0.001774277 -0.997849762 -0.065511130 0.314930469 0.000000000 0.000000000 0.000000000 1.000000000
0.550194621 -0.063930891 0.832585394 -0.522112072 -0.835006177 -0.033821560 0.549198389 -2.324742556 -0.006951496 -0.997380495 -0.071991257 0.323491216 0.000000000 0.000000000 0.000000000 1.000000000
0.546978116 -0.064927310 0.834625185 -0.518490076 -0.837129653 -0.036263876 0.545799434 -2.322810888 -0.005170639 -0.997230291 -0.074188262 0.331335932 0.000000000 0.000000000 0.000000000 1.000000000
0.547677875 -0.060696494 0.834484696 -0.513208866 -0.836688042 -0.039450116 0.546255350 -2.321714878 -0.000235376 -0.997375786 -0.072390117 0.347420841 0.000000000 0.000000000 0.000000000 1.000000000
0.550854087 -0.064725511 0.832087815 -0.515872538 -0.834598541 -0.044726875 0.549037874 -2.322874069 0.001679817 -0.996899605 -0.078657940 0.359586805 0.000000000 0.000000000 0.000000000 1.000000000
0.552207232 -0.065738037 0.831110954 -0.507965326 -0.833679795 -0.051371515 0.549851477 -2.322192907 0.006549162 -0.996512949 -0.083172344 0.373619437 0.000000000 0.000000000 0.000000000 1.000000000
0.551126063 -0.061415557 0.832158685 -0.504725099 -0.834366739 -0.051891558 0.548759460 -2.323937416 0.009479542 -0.996761799 -0.079842038 0.388651758 0.000000000 0.000000000 0.000000000 1.000000000
0.546731532 -0.065779723 0.834720016 -0.505261421 -0.837291420 -0.048935398 0.544560194 -2.321767330 0.005026239 -0.996632755 -0.081831485 0.398609459 0.000000000 0.000000000 0.000000000 1.000000000
0.543183386 -0.068514846 0.836813867 -0.506711781 -0.839600623 -0.049665224 0.540926516 -2.320350885 0.004498951 -0.996412277 -0.084502593 0.414900720 0.000000000 0.000000000 0.000000000 1.000000000
0.544267952 -0.076301306 0.835434198 -0.508553624 -0.838903487 -0.053435795 0.541648269 -2.316850185 0.003313512 -0.995651066 -0.093092978 0.430938601 0.000000000 0.000000000 0.000000000 1.000000000
0.546258867 -0.077302292 0.834041536 -0.509406805 -0.837611794 -0.053116020 0.543674827 -2.312434196 0.002273552 -0.995591044 -0.093764558 0.444636583 0.000000000 0.000000000 0.000000000 1.000000000
0.547086239 -0.073058985 0.833881736 -0.505772114 -0.837046206 -0.055978574 0.544258595 -2.308713436 0.006916428 -0.995754600 -0.091778994 0.458290637 0.000000000 0.000000000 0.000000000 1.000000000
0.545989037 -0.075477093 0.834385276 -0.509555042 -0.837710738 -0.062951684 0.542471409 -2.309457064 0.011581717 -0.995157659 -0.097599030 0.477816164 0.000000000 0.000000000 0.000000000 1.000000000
0.548725128 -0.070130378 0.833055794 -0.505761147 -0.835883439 -0.062753119 0.545305669 -2.308933020 0.014034295 -0.995561242 -0.093055151 0.498580366 0.000000000 0.000000000 0.000000000 1.000000000
0.552614212 -0.068813011 0.830591202 -0.508366823 -0.833311200 -0.062833212 0.549219191 -2.310211658 0.014395251 -0.995648086 -0.092065305 0.512871683 0.000000000 0.000000000 0.000000000 1.000000000
0.551082313 -0.070831478 0.831438959 -0.511858225 -0.834301949 -0.065490179 0.547401667 -2.310899496 0.015677776 -0.995335221 -0.095185451 0.530488729 0.000000000 0.000000000 0.000000000 1.000000000
0.555850208 -0.070051365 0.828325331 -0.514855623 -0.831132054 -0.065681890 0.552179873 -2.311440945 0.015724991 -0.995377839 -0.094731376 0.544582725 0.000000000 0.000000000 0.000000000 1.000000000
0.559794366 -0.065593489 0.826031029 -0.519095302 -0.828453481 -0.064863063 0.556286335 -2.312015295 0.017090108 -0.995735168 -0.090651304 0.560642838 0.000000000 0.000000000 0.000000000 1.000000000
0.561237752 -0.066641569 0.824967027 -0.523928940 -0.827442765 -0.067631386 0.557459712 -2.313890219 0.018643649 -0.995481312 -0.093099535 0.575541973 0.000000000 0.000000000 0.000000000 1.000000000
0.560390651 -0.065548763 0.825630188 -0.528431535 -0.827950418 -0.070075594 0.556403041 -2.314750910 0.021384975 -0.995384812 -0.093540981 0.588818133 0.000000000 0.000000000 0.000000000 1.000000000
0.557169020 -0.065072678 0.827845275 -0.530906141 -0.829937220 -0.076817438 0.552539766 -2.319264412 0.027637705 -0.994918466 -0.096806660 0.603757739 0.000000000 0.000000000 0.000000000 1.000000000
0.554128051 -0.064093225 0.829960108 -0.532896698 -0.831959248 -0.076156050 0.549582601 -2.321103811 0.027981976 -0.995032907 -0.095523268 0.616514087 0.000000000 0.000000000 0.000000000 1.000000000
0.553195834 -0.062779628 0.830682039 -0.542933047 -0.832588017 -0.074849434 0.548809290 -2.325279951 0.027722044 -0.995215714 -0.093676068 0.632676840 0.000000000 0.000000000 0.000000000 1.000000000
0.563183367 -0.058056902 0.824289680 -0.549837530 -0.825735867 -0.077364154 0.558723509 -2.328721523 0.031332720 -0.995310187 -0.091509946 0.649032652 0.000000000 0.000000000 0.000000000 1.000000000
0.565300703 -0.060505699 0.822662532 -0.556149065 -0.824395061 -0.075741909 0.560921490 -2.327143669 0.028371090 -0.995289087 -0.092697643 0.667359054 0.000000000 0.000000000 0.000000000 1.000000000
0.567742467 -0.067316130 0.820448995 -0.561027169 -0.822958589 -0.070768572 0.563673735 -2.324136019 0.020117667 -0.995217800 -0.095576808 0.688094378 0.000000000 0.000000000 0.000000000 1.000000000
0.569114208 -0.068209559 0.819424212 -0.570868671 -0.822040975 -0.070024781 0.565103829 -2.323031425 0.018834516 -0.995209634 -0.095923245 0.705422759 0.000000000 0.000000000 0.000000000 1.000000000
0.571393073 -0.070292912 0.817660391 -0.578708708 -0.820512533 -0.068733424 0.567478538 -2.322486877 0.016310867 -0.995154738 -0.096950121 0.715197086 0.000000000 0.000000000 0.000000000 1.000000000
0.575035512 -0.070689648 0.815068722 -0.588034332 -0.817934453 -0.071264155 0.570877969 -2.320737123 0.017730001 -0.994948626 -0.098799028 0.729205608 0.000000000 0.000000000 0.000000000 1.000000000
0.581970513 -0.074095994 0.809827149 -0.592977345 -0.813101232 -0.069153816 0.577997446 -2.323297262 0.013175312 -0.994849741 -0.100493103 0.735715270 0.000000000 0.000000000 0.000000000 1.000000000
0.583396375 -0.073186733 0.808883369 -0.597443879 -0.812105060 -0.066597760 0.579695642 -2.322007656 0.011443743 -0.995091438 -0.098288275 0.751369715 0.000000000 0.000000000 0.000000000 1.000000000
0.590118647 -0.076905154 0.803645134 -0.602153838 -0.807264626 -0.067299068 0.586337388 -2.320937395 0.008992122 -0.994763792 -0.101797283 0.764528275 0.000000000 0.000000000 0.000000000 1.000000000
0.592552245 -0.081472039 0.801401317 -0.602478683 -0.805519044 -0.065169491 0.588972747 -2.318779469 0.004242012 -0.994542003 -0.104243658 0.784441590 0.000000000 0.000000000 0.000000000 1.000000000
0.595050037 -0.082543731 0.799438536 -0.601938248 -0.803680658 -0.065037332 0.591493368 -2.315766335 0.003169178 -0.994462311 -0.105039299 0.798143744 0.000000000 0.000000000 0.000000000 1.000000000
0.596013546 -0.085677832 0.798390388 -0.608807802 -0.802969575 -0.066353939 0.592312276 -2.318521261 0.002228208 -0.994110167 -0.108344585 0.810821652 0.000000000 0.000000000 0.000000000 1.000000000
0.601358712 -0.088085562 0.794108689 -0.606919110 -0.798969984 -0.070619270 0.597207546 -2.317158937 0.003473919 -0.993605793 -0.112845249 0.828202307 0.000000000 0.000000000 0.000000000 1.000000000
0.608849287 -0.087122492 0.788487315 -0.606653214 -0.793267608 -0.073317379 0.604440391 -2.316808462 0.005149383 -0.993495226 -0.113750704 0.839455307 0.000000000 0.000000000 0.000000000 1.000000000
0.615083396 -0.089825511 0.783328652 -0.615869462 -0.788422346 -0.079837009 0.609928966 -2.316984892 0.007751338 -0.992751718 -0.119926907 0.854088783 0.000000000 0.000000000 0.000000000 1.000000000
0.619272530 -0.090450563 0.779948890 -0.622423947 -0.785132170 -0.081661060 0.613918722 -2.313267231 0.008162076 -0.992546558 -0.121586137 0.865156293 0.000000000 0.000000000 0.000000000 1.000000000
0.626279533 -0.091404624 0.774221718 -0.625456333 -0.779513717 -0.087946258 0.620178282 -2.307612658 0.011402649 -0.991921961 -0.126330137 0.875720859 0.000000000 0.000000000 0.000000000 1.000000000
0.628726006 -0.094333470 0.771883965 -0.634674311 -0.777572751 -0.087821305 0.622627795 -2.304321527 0.009053135 -0.991658807 -0.128566742 0.892033577 0.000000000 0.000000000 0.000000000 1.000000000
0.631030262 -0.101791851 0.769050956 -0.639574528 -0.775749743 -0.087035798 0.625007570 -2.306372166 0.003314186 -0.990990341 -0.133887291 0.908225536 0.000000000 0.000000000 0.000000000 1.000000000
0.634629786 -0.105991110 0.765513659 -0.640727878 -0.772808194 -0.091196701 0.628051102 -2.298223972 0.003244398 -0.990175605 -0.139787003 0.921100497 0.000000000 0.000000000 0.000000000 1.000000000
0.636852086 -0.104241289 0.763906717 -0.635419905 -0.770958424 -0.094288632 0.629865348 -2.298843384 0.006369650 -0.990071714 -0.140413642 0.932747602 0.000000000 0.000000000 0.000000000 1.000000000
0.642396390 -0.109121539 0.758564234 -0.636647940 -0.766370773 -0.090435043 0.635999084 -2.293881893 -0.000800498 -0.989905417 -0.141722739 0.940189540 0.000000000 0.000000000 0.000000000 1.000000000
0.643237352 -0.107266232 0.758116126 -0.645301819 -0.765664697 -0.091554865 0.636688888 -2.291706085 0.001113906 -0.990005255 -0.141021505 0.946027160 0.000000000 0.000000000 0.000000000 1.000000000
0.647642970 -0.108367696 0.754198611 -0.642726898 -0.761939466 -0.094979011 0.640643954 -2.291064978 0.002207834 -0.989562690 -0.144082114 0.951461375 0.000000000 0.000000000 0.000000000 1.000000000
0.652678788 -0.108331747 0.749850035 -0.640924871 -0.757629395 -0.096575022 0.645498574 -2.288933992 0.002488712 -0.989412248 -0.145107761 0.958177090 0.000000000 0.000000000 0.000000000 1.000000000
0.657026827 -0.106673844 0.746281981 -0.637829781 -0.753853381 -0.098670825 0.649589598 -2.288541555 0.004341963 -0.989385664 -0.145245820 0.968058765 0.000000000 0.000000000 0.000000000 1.000000000
0.659743130 -0.106786847 0.743865609 -0.635952413 -0.751489580 -0.094641484 0.652919531 -2.285400391 0.000677257 -0.989766955 -0.142688289 0.973465800 0.000000000 0.000000000 0.000000000 1.000000000
0.663945198 -0.103191197 0.740627348 -0.627661765 -0.747772098 -0.096157350 0.656953692 -2.282253027 0.003424863 -0.990002215 -0.141006723 0.979894757 0.000000000 0.000000000 0.000000000 1.000000000
0.665735841 -0.109444298 0.738118112 -0.622618496 -0.746179581 -0.093473651 0.659148037 -2.277252913 -0.003145468 -0.989587665 -0.143893853 0.983787715 0.000000000 0.000000000 0.000000000 1.000000000
0.669014394 -0.108662814 0.735263765 -0.616711020 -0.743243635 -0.094342113 0.662333667 -2.277661562 -0.002604759 -0.989591420 -0.143879175 0.985127866 0.000000000 0.000000000 0.000000000 1.000000000
0.673785865 -0.107964776 0.730997264 -0.612020791 -0.738892674 -0.089119509 0.667901814 -2.271078825 -0.006963806 -0.990151763 -0.139821827 0.986985862 0.000000000 0.000000000 0.000000000 1.000000000
0.673545003 -0.108930603 0.731076002 -0.609776199 -0.739130318 -0.093002744 0.667109072 -2.269569635 -0.004676546 -0.989688754 -0.143155396 0.990997851 0.000000000 0.000000000 0.000000000 1.000000000
0.681353509 -0.105621152 0.724294484 -0.603252888 -0.731950104 -0.101312615 0.673782229 -2.265846968 0.002214478 -0.989231586 -0.146339104 0.992140591 0.000000000 0.000000000 0.000000000 1.000000000
0.686885238 -0.098581627 0.720049560 -0.593285739 -0.726719201 -0.104269780 0.678973258 -2.259671450 0.008145069 -0.989650786 -0.143262520 0.992897093 0.000000000 0.000000000 0.000000000 1.000000000
0.689932048 -0.101880476 0.716669440 -0.582228363 -0.723852456 -0.104549050 0.681985736 -2.253525019 0.005446019 -0.989287138 -0.145878151 0.990030169 0.000000000 0.000000000 0.000000000 1.000000000
0.693414629 -0.108406290 0.712337852 -0.571486175 -0.720495224 -0.115035005 0.683850110 -2.247417450 0.007810076 -0.987428010 -0.157873169 0.987929285 0.000000000 0.000000000 0.000000000 1.000000000
0.701128662 -0.110309400 0.704451084 -0.566894293 -0.713012636 -0.116041385 0.691480100 -2.244940042 0.005468669 -0.987099469 -0.160011947 0.986257792 0.000000000 0.000000000 0.000000000 1.000000000
0.703423083 -0.108579732 0.702429593 -0.556140721 -0.710648179 -0.125746220 0.692216933 -2.233878613 0.013167078 -0.986102104 -0.165614799 0.988956630 0.000000000 0.000000000 0.000000000 1.000000000
0.707538128 -0.104692221 0.698877990 -0.544941425 -0.706427813 -0.130886883 0.695575833 -2.226778030 0.018652532 -0.985853553 -0.166564956 0.988665044 0.000000000 0.000000000 0.000000000 1.000000000
0.710375130 -0.104586184 0.696010113 -0.536374509 -0.703410149 -0.139326170 0.696993351 -2.217160225 0.024076480 -0.984707654 -0.172540799 0.989024401 0.000000000 0.000000000 0.000000000 1.000000000
0.712960958 -0.105677456 0.693195581 -0.526552439 -0.700845957 -0.138916507 0.699652970 -2.206515551 0.022358688 -0.984649122 -0.173105597 0.989315033 0.000000000 0.000000000 0.000000000 1.000000000
0.721019566 -0.101094447 0.685501099 -0.522935033 -0.692368150 -0.144354433 0.706954837 -2.200147867 0.027485847 -0.984348118 -0.174076885 0.980038285 0.000000000 0.000000000 0.000000000 1.000000000
0.726740837 -0.099632487 0.679648578 -0.512786925 -0.686307073 -0.146783635 0.712344170 -2.190362692 0.028788615 -0.984137833 -0.175052121 0.984025538 0.000000000 0.000000000 0.000000000 1.000000000
0.731826067 -0.103546195 0.673579693 -0.496709198 -0.680942953 -0.150709212 0.716659248 -2.179786444 0.027307278 -0.983139992 -0.180801943 0.978841603 0.000000000 0.000000000 0.000000000 1.000000000
0.736082554 -0.103875272 0.668874502 -0.484343410 -0.676452577 -0.148423761 0.721373141 -2.168725491 0.024343988 -0.983452976 -0.179518804 0.977943063 0.000000000 0.000000000 0.000000000 1.000000000
0.740383029 -0.100460671 0.664636254 -0.473907471 -0.671548545 -0.153530583 0.724877894 -2.154685974 0.029220238 -0.983023643 -0.181135610 0.974300563 0.000000000 0.000000000 0.000000000 1.000000000
0.743741333 -0.108733438 0.659565449 -0.464601398 -0.668187439 -0.149419472 0.728832185 -2.144989491 0.019303439 -0.982776880 -0.183783725 0.967728138 0.000000000 0.000000000 0.000000000 1.000000000
0.748630404 -0.110883854 0.653649747 -0.453125030 -0.662779331 -0.149798006 0.733676434 -2.135154247 0.016562503 -0.982478917 -0.185634881 0.965185642 0.000000000 0.000000000 0.000000000 1.000000000
0.752141595 -0.109993249 0.649757862 -0.439544111 -0.658865631 -0.145445824 0.738064170 -2.127121449 0.013322433 -0.983232737 -0.181866646 0.959529102 0.000000000 0.000000000 0.000000000 1.000000000
0.754192829 -0.114104040 0.646663904 -0.425338656 -0.656554103 -0.148024663 0.739609778 -2.112078667 0.011329681 -0.982379019 -0.186554655 0.952258706 0.000000000 0.000000000 0.000000000 1.000000000
0.757875085 -0.119131111 0.641431034 -0.414400965 -0.652366936 -0.148051023 0.743300438 -2.102146626 0.006414270 -0.981778085 -0.189921409 0.946798384 0.000000000 0.000000000 0.000000000 1.000000000
0.757598996 -0.117579043 0.642043114 -0.407124251 -0.652691901 -0.145421386 0.743534148 -2.091558456 0.005942733 -0.982358038 -0.186913982 0.948213995 0.000000000 0.000000000 0.000000000 1.000000000
0.757720888 -0.112455927 0.642816603 -0.396030545 -0.652431488 -0.151376769 0.742573500 -2.079602718 0.013800694 -0.982058108 -0.188071176 0.940557063 0.000000000 0.000000000 0.000000000 1.000000000
0.760440171 -0.111151643 0.639825404 -0.386695564 -0.649267256 -0.150545284 0.745510101 -2.070029974 0.013458006 -0.982334316 -0.186647832 0.943217397 0.000000000 0.000000000 0.000000000 1.000000000
0.764763415 -0.112301871 0.634449363 -0.381174684 -0.644220710 -0.149687544 0.750047207 -2.059064388 0.010737421 -0.982334495 -0.186822772 0.936829090 0.000000000 0.000000000 0.000000000 1.000000000
0.767075300 -0.113185182 0.631494582 -0.371316671 -0.641474187 -0.151033968 0.752128303 -2.043926477 0.010247335 -0.982026994 -0.188459799 0.930582225 0.000000000 0.000000000 0.000000000 1.000000000
0.771687090 -0.110745572 0.626286864 -0.365052223 -0.635826230 -0.157439947 0.755602539 -2.031755447 0.014922935 -0.981298745 -0.191909313 0.929565787 0.000000000 0.000000000 0.000000000 1.000000000
0.774170756 -0.110680446 0.623225689 -0.353807628 -0.632750869 -0.161562338 0.757312059 -2.018682241 0.016870182 -0.980635822 -0.195110008 0.923536420 0.000000000 0.000000000 0.000000000 1.000000000
