0.906249106 -0.295431137 0.302378893 -0.356915921 -0.422744066 -0.633324564 0.648218691 -0.660272241 0.000000000 -0.715276480 -0.698841572 0.819236577 0.000000000 0.000000000 0.000000000 1.000000000
0.911197364 -0.285473824 0.297025442 -0.320537210 -0.411958039 -0.625882626 0.662239790 -0.663511872 -0.003149033 -0.725793183 -0.687905848 0.791825354 0.000000000 0.000000000 0.000000000 1.000000000
0.916005015 -0.287835956 0.279437751 -0.291125268 -0.400820196 -0.627706230 0.667329133 -0.646275342 -0.016676454 -0.723281205 -0.690352499 0.778096318 0.000000000 0.000000000 0.000000000 1.000000000
0.917954445 -0.280268937 0.280729651 -0.264833331 -0.396465361 -0.624602616 0.672820091 -0.651585102 -0.013226037 -0.728917778 -0.684473574 0.771278024 0.000000000 0.000000000 0.000000000 1.000000000
0.920983851 -0.271596253 0.279328436 -0.274464369 -0.389437616 -0.621011019 0.680208564 -0.651803613 -0.011275986 -0.735242069 -0.677710950 0.753279328 0.000000000 0.000000000 0.000000000 1.000000000
0.928022921 -0.251247913 0.275042206 -0.264815867 -0.372486860 -0.615502238 0.694557846 -0.638660610 -0.005217003 -0.747015119 -0.664786637 0.739122152 0.000000000 0.000000000 0.000000000 1.000000000
0.935364962 -0.233278871 0.265845209 -0.222069040 -0.353682131 -0.619610071 0.700708508 -0.626223564 0.001259989 -0.749442756 -0.662068069 0.749663055 0.000000000 0.000000000 0.000000000 1.000000000
0.941214859 -0.229098946 0.248251170 -0.220439240 -0.337568879 -0.610170305 0.716756344 -0.628607631 -0.012732525 -0.758423388 -0.651637971 0.745796084 0.000000000 0.000000000 0.000000000 1.000000000
0.943053842 -0.221681967 0.248005942 -0.210760340 -0.332502067 -0.606707156 0.722045183 -0.613030910 -0.009597316 -0.763389766 -0.645867109 0.737781823 0.000000000 0.000000000 0.000000000 1.000000000
0.950857341 -0.203219622 0.233607650 -0.221225768 -0.309541434 -0.605866432 0.732878268 -0.616676152 -0.007400126 -0.769173563 -0.638997376 0.731930554 0.000000000 0.000000000 0.000000000 1.000000000
0.956748247 -0.182571754 0.226496816 -0.213500470 -0.290907323 -0.607014298 0.739531636 -0.625295758 0.002469310 -0.773434877 -0.633871257 0.735056341 0.000000000 0.000000000 0.000000000 1.000000000
0.954916716 -0.182302311 0.234308243 -0.221848637 -0.296772659 -0.606839478 0.737341344 -0.626239121 0.007768555 -0.773635566 -0.633583426 0.737492323 0.000000000 0.000000000 0.000000000 1.000000000
0.958600521 -0.184118971 0.217222288 -0.220255435 -0.284650117 -0.598925591 0.748507142 -0.616392136 -0.007714285 -0.779351532 -0.626539767 0.735895753 0.000000000 0.000000000 0.000000000 1.000000000
0.961188436 -0.166295841 0.220142558 -0.204318732 -0.275833607 -0.595798612 0.754281282 -0.610494912 0.005726861 -0.785728991 -0.618544638 0.720906019 0.000000000 0.000000000 0.000000000 1.000000000
0.963803053 -0.166425213 0.208294749 -0.197647139 -0.266615629 -0.602449298 0.752310753 -0.623071194 0.000283603 -0.780613780 -0.625013947 0.717080891 0.000000000 0.000000000 0.000000000 1.000000000
0.963786840 -0.157213464 0.215404600 -0.203151241 -0.266242713 -0.613196194 0.743710816 -0.598958313 0.015163954 -0.774128497 -0.632847130 0.695560515 0.000000000 0.000000000 0.000000000 1.000000000
0.963427424 -0.164049849 0.211885616 -0.204459146 -0.267814070 -0.616414607 0.740479052 -0.598354757 0.009133955 -0.770143628 -0.637805343 0.700964689 0.000000000 0.000000000 0.000000000 1.000000000
0.965009630 -0.161012486 0.206958264 -0.222001150 -0.262082458 -0.617351651 0.741748095 -0.599250257 0.008335365 -0.770034075 -0.637948632 0.718967259 0.000000000 0.000000000 0.000000000 1.000000000
0.963692546 -0.158197269 0.215106219 -0.232284993 -0.266361743 -0.625875711 0.733028948 -0.608773530 0.018666610 -0.763710499 -0.645289183 0.746068478 0.000000000 0.000000000 0.000000000 1.000000000
0.965900421 -0.159749344 0.203757331 -0.234687820 -0.258618921 -0.632889032 0.729772627 -0.613651514 0.012375114 -0.757582963 -0.652621686 0.744215250 0.000000000 0.000000000 0.000000000 1.000000000
0.962850749 -0.165814757 0.213130265 -0.230037734 -0.269798696 -0.623748600 0.733584881 -0.609462500 0.011300547 -0.763834834 -0.645312965 0.745108247 0.000000000 0.000000000 0.000000000 1.000000000
0.964711010 -0.164960578 0.205234498 -0.232322469 -0.263253391 -0.620679975 0.738548934 -0.621257782 0.005553523 -0.766514778 -0.642202795 0.742079437 0.000000000 0.000000000 0.000000000 1.000000000
0.965490639 -0.166771218 0.200039119 -0.234016165 -0.260400504 -0.631307423 0.730508804 -0.609466851 0.004458400 -0.757389486 -0.652948201 0.730169535 0.000000000 0.000000000 0.000000000 1.000000000
0.964141786 -0.177473232 0.197317913 -0.248062938 -0.265231013 -0.618747950 0.739462078 -0.621599436 -0.009144611 -0.765280902 -0.643631577 0.737890184 0.000000000 0.000000000 0.000000000 1.000000000
0.965537071 -0.168660462 0.198222965 -0.258371055 -0.260254890 -0.632886410 0.729193270 -0.628351152 0.002466643 -0.755651414 -0.654969513 0.738677442 0.000000000 0.000000000 0.000000000 1.000000000
0.963568211 -0.179715618 0.198088795 -0.259358555 -0.267226458 -0.615678489 0.741303205 -0.637984335 -0.011264666 -0.767230511 -0.641272545 0.722516954 0.000000000 0.000000000 0.000000000 1.000000000
0.965052426 -0.174825668 0.195218712 -0.286375612 -0.261785120 -0.609158158 0.748595595 -0.642995059 -0.011954588 -0.773539126 -0.633635938 0.708438754 0.000000000 0.000000000 0.000000000 1.000000000
0.963134646 -0.171150088 0.207557097 -0.296433240 -0.269019663 -0.610322118 0.745074451 -0.653918445 -0.000842830 -0.773443699 -0.633864820 0.711638212 0.000000000 0.000000000 0.000000000 1.000000000
0.962457418 -0.159615397 0.219543695 -0.308288336 -0.270940959 -0.613675177 0.741616070 -0.657729745 0.016355187 -0.773257077 -0.633882284 0.723301768 0.000000000 0.000000000 0.000000000 1.000000000
0.958780646 -0.164242208 0.231872573 -0.313382328 -0.283193707 -0.619167268 0.732416451 -0.677108765 0.023274176 -0.767891586 -0.640157700 0.720527232 0.000000000 0.000000000 0.000000000 1.000000000
0.959768414 -0.147232890 0.239097521 -0.320100635 -0.277838320 -0.621170521 0.732771277 -0.694548309 0.040632263 -0.769721210 -0.637086511 0.718587220 0.000000000 0.000000000 0.000000000 1.000000000
0.958486438 -0.140702963 0.248006180 -0.329925090 -0.280764282 -0.617487729 0.734766066 -0.696230054 0.049756974 -0.773894548 -0.631357551 0.702847719 0.000000000 0.000000000 0.000000000 1.000000000
0.955732465 -0.159822628 0.247048244 -0.348273158 -0.291596353 -0.626727343 0.722623944 -0.715570152 0.039340194 -0.762673557 -0.645586908 0.691026270 0.000000000 0.000000000 0.000000000 1.000000000
0.956039310 -0.159813002 0.245864093 -0.354435503 -0.290730804 -0.626013100 0.723591268 -0.729198277 0.038274813 -0.763262153 -0.644955158 0.700229764 0.000000000 0.000000000 0.000000000 1.000000000
0.956167042 -0.144366160 0.254761875 -0.338997781 -0.286929160 -0.635593176 0.716724575 -0.716846526 0.058454111 -0.758407295 -0.649155617 0.695592701 0.000000000 0.000000000 0.000000000 1.000000000
0.957787275 -0.143293843 0.249220803 -0.339441687 -0.281678677 -0.641042888 0.713948369 -0.722970605 0.057456795 -0.754011095 -0.654345095 0.669684529 0.000000000 0.000000000 0.000000000 1.000000000
0.955962479 -0.153978810 0.249854058 -0.343589246 -0.288977534 -0.642546892 0.709666491 -0.738303781 0.051269345 -0.750616908 -0.658746660 0.657902241 0.000000000 0.000000000 0.000000000 1.000000000
0.951886117 -0.161178857 0.260643333 -0.347271860 -0.301615298 -0.643271148 0.703726947 -0.741015017 0.054238386 -0.748482108 -0.660934269 0.662698686 0.000000000 0.000000000 0.000000000 1.000000000
0.946681201 -0.173291922 0.271597445 -0.359441787 -0.317861021 -0.639851570 0.699682355 -0.751085222 0.052532665 -0.748706698 -0.660817623 0.682341099 0.000000000 0.000000000 0.000000000 1.000000000
0.949097574 -0.172882587 0.263297945 -0.343431026 -0.310279071 -0.657069564 0.687013447 -0.759395182 0.054232322 -0.733739078 -0.677264512 0.683283329 0.000000000 0.000000000 0.000000000 1.000000000
0.946035206 -0.179783940 0.269620806 -0.342960030 -0.320179999 -0.646982014 0.692025959 -0.757721305 0.050024569 -0.741008520 -0.669630647 0.690227091 0.000000000 0.000000000 0.000000000 1.000000000
0.937790215 -0.193003610 0.288616270 -0.356102020 -0.342970073 -0.644349277 0.683510423 -0.771276891 0.054049596 -0.739976525 -0.670458555 0.691506028 0.000000000 0.000000000 0.000000000 1.000000000
0.935265481 -0.201954901 0.290676713 -0.359569162 -0.350605696 -0.641190171 0.682606757 -0.783968270 0.048523206 -0.740331888 -0.670489073 0.700173914 0.000000000 0.000000000 0.000000000 1.000000000
0.929226220 -0.217837617 0.298472047 -0.373313248 -0.367397845 -0.630949974 0.683317065 -0.798377335 0.039468717 -0.744614661 -0.666327715 0.704272330 0.000000000 0.000000000 0.000000000 1.000000000
0.931994081 -0.211995408 0.294015646 -0.398641557 -0.359952003 -0.636808336 0.681843638 -0.803537369 0.042683877 -0.741306305 -0.669809222 0.715617895 0.000000000 0.000000000 0.000000000 1.000000000
0.930316746 -0.209261715 0.301198542 -0.398356557 -0.363705486 -0.632124305 0.684206307 -0.827135265 0.047216728 -0.746076643 -0.664184868 0.714243233 0.000000000 0.000000000 0.000000000 1.000000000
0.924686432 -0.220331848 0.310498595 -0.407138258 -0.377591491 -0.635217488 0.673739195 -0.837874889 0.048787877 -0.740239501 -0.670571804 0.719606996 0.000000000 0.000000000 0.000000000 1.000000000
0.925551713 -0.221509054 0.307063967 -0.390949160 -0.375450045 -0.641707540 0.668767393 -0.838863850 0.048907217 -0.734266341 -0.677098513 0.717442274 0.000000000 0.000000000 0.000000000 1.000000000
0.928432107 -0.219141826 0.299984962 -0.393553227 -0.368991733 -0.637686074 0.676167667 -0.852174819 0.043119621 -0.738468230 -0.672909200 0.722036004 0.000000000 0.000000000 0.000000000 1.000000000
0.930180609 -0.217090055 0.296034187 -0.373205423 -0.365370899 -0.625715733 0.689191639 -0.869084179 0.035616621 -0.749235511 -0.661346376 0.703366995 0.000000000 0.000000000 0.000000000 1.000000000
0.928208113 -0.223091409 0.297758758 -0.379095256 -0.370707601 -0.622761369 0.689017773 -0.865674436 0.031718779 -0.749933898 -0.660753131 0.696592569 0.000000000 0.000000000 0.000000000 1.000000000
0.926337779 -0.223045558 0.303561002 -0.389082700 -0.374854654 -0.625368476 0.684397221 -0.888316035 0.037185788 -0.747774839 -0.662911534 0.691214859 0.000000000 0.000000000 0.000000000 1.000000000
0.920714796 -0.245375842 0.303439021 -0.399003416 -0.389501214 -0.625561893 0.675989926 -0.894595861 0.023948312 -0.740584493 -0.671537578 0.694286704 0.000000000 0.000000000 0.000000000 1.000000000
0.919698834 -0.233767807 0.315447241 -0.409164518 -0.391349524 -0.610519826 0.688558161 -0.908371031 0.031624030 -0.756716907 -0.652978539 0.673043907 0.000000000 0.000000000 0.000000000 1.000000000
0.927297294 -0.206972301 0.311901659 -0.414688200 -0.371824533 -0.605472207 0.703669727 -0.912453592 0.043207616 -0.768484294 -0.638409197 0.662654877 0.000000000 0.000000000 0.000000000 1.000000000
0.923487604 -0.207200274 0.322860807 -0.417982578 -0.379965186 -0.610054731 0.695313334 -0.921570599 0.052893639 -0.764789760 -0.642105997 0.656833947 0.000000000 0.000000000 0.000000000 1.000000000
0.916003704 -0.204586849 0.345082432 -0.420314938 -0.396009743 -0.598662794 0.696261644 -0.924133122 0.064142004 -0.774434865 -0.629394650 0.624785483 0.000000000 0.000000000 0.000000000 1.000000000
0.925649881 -0.181872532 0.331806064 -0.410577059 -0.372117519 -0.596464634 0.711167753 -0.932709634 0.068568736 -0.781763673 -0.619794250 0.608420193 0.000000000 0.000000000 0.000000000 1.000000000
0.924018860 -0.176883757 0.338972062 -0.405625492 -0.376490116 -0.575522184 0.725968719 -0.928858101 0.066673897 -0.798428774 -0.598387122 0.610984802 0.000000000 0.000000000 0.000000000 1.000000000
0.916159928 -0.166625485 0.364537776 -0.405309290 -0.391031563 -0.571282804 0.721617162 -0.941627562 0.088014349 -0.803662956 -0.588540971 0.587029874 0.000000000 0.000000000 0.000000000 1.000000000
0.914355755 -0.150175303 0.376034409 -0.388776392 -0.393175006 -0.551278710 0.735871077 -0.935380459 0.096790135 -0.820695639 -0.563108802 0.575073421 0.000000000 0.000000000 0.000000000 1.000000000
0.907154083 -0.144523337 0.395203114 -0.371334553 -0.407411456 -0.536672294 0.738917887 -0.935226798 0.105303735 -0.831322968 -0.545723736 0.584110856 0.000000000 0.000000000 0.000000000 1.000000000
0.912872314 -0.140845984 0.383180797 -0.358494759 -0.397263020 -0.522727728 0.754280269 -0.931592941 0.094061896 -0.840785503 -0.533135355 0.566064417 0.000000000 0.000000000 0.000000000 1.000000000
0.906617463 -0.144429535 0.396466881 -0.358995438 -0.412036628 -0.505556107 0.758049965 -0.920649827 0.090951465 -0.850620508 -0.517855048 0.566122770 0.000000000 0.000000000 0.000000000 1.000000000
0.910615027 -0.130863041 0.391990274 -0.360498667 -0.402343720 -0.497296035 0.768646359 -0.907883465 0.094347842 -0.857655942 -0.505495906 0.567812562 0.000000000 0.000000000 0.000000000 1.000000000
0.906525970 -0.126775563 0.402665854 -0.357243329 -0.411958516 -0.474008352 0.778207839 -0.901638150 0.092209280 -0.871347308 -0.481925875 0.576497436 0.000000000 0.000000000 0.000000000 1.000000000
0.904094040 -0.122190878 0.409493119 -0.385064900 -0.418745935 -0.444481015 0.791889727 -0.918488741 0.085250273 -0.887416482 -0.453018188 0.541303337 0.000000000 0.000000000 0.000000000 1.000000000
0.895785749 -0.110249005 0.430597663 -0.376192331 -0.434304774 -0.423274100 0.795122266 -0.899286985 0.094599411 -0.899269879 -0.427043170 0.539027870 0.000000000 0.000000000 0.000000000 1.000000000
0.886719763 -0.121694371 0.446004301 -0.380737096 -0.453380525 -0.417593032 0.787440956 -0.901949346 0.090421170 -0.900449097 -0.425460488 0.547884643 0.000000000 0.000000000 0.000000000 1.000000000
0.881428301 -0.107228130 0.459986627 -0.362909555 -0.462291658 -0.395476162 0.793653667 -0.896423101 0.096811689 -0.912196696 -0.398153126 0.531444132 0.000000000 0.000000000 0.000000000 1.000000000
0.878570199 -0.105200022 0.465884835 -0.363733679 -0.468342394 -0.381035626 0.797162652 -0.883943081 0.093657091 -0.918556869 -0.384034723 0.531493008 0.000000000 0.000000000 0.000000000 1.000000000
0.870654285 -0.101832062 0.481240839 -0.365721881 -0.483324468 -0.358958274 0.798465669 -0.871512592 0.091435842 -0.927782834 -0.361744970 0.519585490 0.000000000 0.000000000 0.000000000 1.000000000
0.848656237 -0.120348990 0.515072763 -0.358241409 -0.523096800 -0.335377097 0.783513129 -0.862917542 0.078448392 -0.934366226 -0.347572535 0.526478767 0.000000000 0.000000000 0.000000000 1.000000000
0.837950885 -0.114156179 0.533673882 -0.355902851 -0.539922416 -0.315898150 0.780187905 -0.857080460 0.079523101 -0.941901743 -0.326341122 0.516245067 0.000000000 0.000000000 0.000000000 1.000000000
0.812303424 -0.095587902 0.575349569 -0.356014222 -0.574925184 -0.297179461 0.762329698 -0.850070596 0.098112315 -0.950026035 -0.296354324 0.524148941 0.000000000 0.000000000 0.000000000 1.000000000
0.791472018 -0.078768067 0.606109500 -0.354678273 -0.602336586 -0.268855244 0.751604199 -0.862941504 0.103753030 -0.959955454 -0.260234922 0.520472646 0.000000000 0.000000000 0.000000000 1.000000000
0.770660996 -0.077281341 0.632542789 -0.371410996 -0.629343510 -0.248150408 0.736443818 -0.871037900 0.100052036 -0.965635121 -0.239874944 0.505030096 0.000000000 0.000000000 0.000000000 1.000000000
0.766189754 -0.066662163 0.639148355 -0.359112471 -0.637258887 -0.206979886 0.742335498 -0.867203712 0.082804814 -0.976072609 -0.201065496 0.521407962 0.000000000 0.000000000 0.000000000 1.000000000
0.749416709 -0.057184946 0.659625530 -0.369494855 -0.656975329 -0.187945634 0.730110586 -0.860294402 0.082221985 -0.980514348 -0.178417251 0.534457684 0.000000000 0.000000000 0.000000000 1.000000000
0.729951084 -0.042375479 0.682185531 -0.389579117 -0.676780462 -0.184431866 0.712709427 -0.849304199 0.095614873 -0.981932402 -0.163303688 0.538909912 0.000000000 0.000000000 0.000000000 1.000000000
0.716898918 -0.039991036 0.696030140 -0.403975904 -0.691654801 -0.166225970 0.702840149 -0.824952006 0.087590456 -0.985277534 -0.146825776 0.525222778 0.000000000 0.000000000 0.000000000 1.000000000
0.714873791 -0.027295388 0.698721528 -0.413395554 -0.695050180 -0.137159437 0.705757916 -0.826127052 0.076571740 -0.990173995 -0.117021941 0.533887565 0.000000000 0.000000000 0.000000000 1.000000000
0.685097754 -0.017851530 0.728233278 -0.420238435 -0.723891079 -0.128389165 0.677863955 -0.832274437 0.081395738 -0.991564393 -0.100880310 0.519804001 0.000000000 0.000000000 0.000000000 1.000000000
0.673253357 -0.016030762 0.739238918 -0.412121773 -0.735957384 -0.111078732 0.667854607 -0.838329852 0.071406856 -0.993683517 -0.086580724 0.522844434 0.000000000 0.000000000 0.000000000 1.000000000
0.659260750 -0.002069397 0.751912415 -0.426502556 -0.748468995 -0.097448356 0.655972064 -0.839972913 0.071914479 -0.995239615 -0.065791413 0.521877468 0.000000000 0.000000000 0.000000000 1.000000000
0.649868131 0.005241916 0.760029793 -0.434632778 -0.756066561 -0.097768091 0.647152245 -0.841084063 0.077698275 -0.995196521 -0.059571810 0.520745337 0.000000000 0.000000000 0.000000000 1.000000000
0.648652077 0.000686429 0.761085570 -0.445930541 -0.757653534 -0.094291449 0.645810723 -0.853050411 0.072206475 -0.995545506 -0.060640968 0.506737113 0.000000000 0.000000000 0.000000000 1.000000000
0.641146660 -0.000380139 0.767419100 -0.444354326 -0.764538467 -0.086891420 0.638695538 -0.868498683 0.066438623 -0.996218920 -0.055999469 0.511779666 0.000000000 0.000000000 0.000000000 1.000000000
0.634924352 0.009539898 0.772516251 -0.439058840 -0.768867493 -0.090052314 0.633036017 -0.877232969 0.075605251 -0.995892525 -0.049840182 0.520672917 0.000000000 0.000000000 0.000000000 1.000000000
0.620138288 0.015274258 0.784344614 -0.440020889 -0.781024337 -0.081910133 0.619106591 -0.882526159 0.073701419 -0.996523798 -0.038864732 0.538851976 0.000000000 0.000000000 0.000000000 1.000000000
0.617573142 0.034285378 0.785766542 -0.430184394 -0.784016252 -0.052739475 0.618496776 -0.891014338 0.062645584 -0.998020649 -0.005688880 0.552560508 0.000000000 0.000000000 0.000000000 1.000000000
0.595981419 0.028597787 0.802489638 -0.422964990 -0.802250624 -0.021956921 0.596584499 -0.886137366 0.034680445 -0.999350846 0.009857948 0.562212408 0.000000000 0.000000000 0.000000000 1.000000000
0.594616175 0.035681512 0.803218305 -0.405736834 -0.803659737 -0.003165922 0.595081687 -0.891529322 0.023775589 -0.999359190 0.026794560 0.581969380 0.000000000 0.000000000 0.000000000 1.000000000
0.579826295 0.036178548 0.813937187 -0.408067763 -0.813938320 -0.018632555 0.580653429 -0.908446908 0.036172155 -0.999172628 0.018644726 0.585549116 0.000000000 0.000000000 0.000000000 1.000000000
0.589938998 0.044584438 0.806216717 -0.421117067 -0.806366503 -0.019163605 0.591106474 -0.918825626 0.041803416 -0.998822629 0.024647320 0.597460568 0.000000000 0.000000000 0.000000000 1.000000000
0.581026256 0.043900292 0.812700808 -0.423064739 -0.813002050 -0.015233302 0.582062602 -0.927300990 0.037932057 -0.998920619 0.026841369 0.590534985 0.000000000 0.000000000 0.000000000 1.000000000
0.579708457 0.055714507 0.812917769 -0.455413610 -0.813968778 -0.006146543 0.580877304 -0.911524832 0.037359122 -0.998428702 0.041787934 0.598606884 0.000000000 0.000000000 0.000000000 1.000000000
0.577378988 0.057141677 0.814474940 -0.468214631 -0.815941989 0.004241721 0.578119457 -0.909666777 0.029579138 -0.998357952 0.049074646 0.591383696 0.000000000 0.000000000 0.000000000 1.000000000
0.577079356 0.065555416 0.814053476 -0.466190845 -0.816265821 0.014184423 0.577503562 -0.918786287 0.026310787 -0.997748971 0.061697446 0.593838394 0.000000000 0.000000000 0.000000000 1.000000000
0.569238305 0.077022702 0.818557501 -0.471557945 -0.821298003 0.007316969 0.570453703 -0.907435656 0.037947692 -0.997003376 0.067424923 0.606149375 0.000000000 0.000000000 0.000000000 1.000000000
0.565358758 0.080639310 0.820894599 -0.488759995 -0.824010253 0.010404699 0.566480577 -0.918858528 0.037138592 -0.996689916 0.072331242 0.619192302 0.000000000 0.000000000 0.000000000 1.000000000
0.545980692 0.080041133 0.833966255 -0.511012256 -0.837471604 0.024301086 0.545941472 -0.936514318 0.023430627 -0.996496022 0.080301352 0.624575555 0.000000000 0.000000000 0.000000000 1.000000000
0.543447375 0.077407822 0.835867465 -0.502260447 -0.839420974 0.042602971 0.541810691 -0.943719208 0.006329089 -0.996089637 0.088131458 0.618802249 0.000000000 0.000000000 0.000000000 1.000000000
0.542750180 0.093185969 0.834709644 -0.497322947 -0.839750111 0.041693125 0.541371405 -0.960616052 0.015645707 -0.994776189 0.100883089 0.612153292 0.000000000 0.000000000 0.000000000 1.000000000
0.514102340 0.110928960 0.850526452 -0.523197353 -0.856757402 0.019190211 0.515364051 -0.969531894 0.040846109 -0.993643939 0.104906105 0.619178653 0.000000000 0.000000000 0.000000000 1.000000000
0.509564161 0.102334008 0.854326546 -0.522414505 -0.859511495 0.014565853 0.510910273 -0.976329863 0.039838590 -0.994644344 0.095380664 0.622063100 0.000000000 0.000000000 0.000000000 1.000000000
0.498551100 0.087380446 0.862446010 -0.530287743 -0.865732610 -0.000577315 0.500507832 -0.998225510 0.044231564 -0.996175766 0.075361460 0.631026149 0.000000000 0.000000000 0.000000000 1.000000000
0.491842836 0.094685927 0.865521193 -0.536349595 -0.868740976 -0.013032580 0.495096684 -1.028151274 0.058157697 -0.995422900 0.075848736 0.648092568 0.000000000 0.000000000 0.000000000 1.000000000
0.491891652 0.091451235 0.865841210 -0.529465437 -0.867497087 -0.033182267 0.496335596 -1.039163232 0.074120104 -0.995257616 0.063012794 0.646997511 0.000000000 0.000000000 0.000000000 1.000000000
0.486084133 0.087912634 0.869480014 -0.524981022 -0.871761560 -0.020999704 0.489481479 -1.051095247 0.061289452 -0.995907724 0.066432431 0.670572817 0.000000000 0.000000000 0.000000000 1.000000000
0.462862760 0.075327545 0.883224607 -0.531428456 -0.885723770 -0.000500325 0.464213759 -1.059179544 0.035408981 -0.997159600 0.066488966 0.670384943 0.000000000 0.000000000 0.000000000 1.000000000
0.469428897 0.065119788 0.880566776 -0.522831500 -0.882620096 0.006466546 0.470043957 -1.063350081 0.024913944 -0.997857392 0.060512781 0.678891599 0.000000000 0.000000000 0.000000000 1.000000000
0.453838766 0.049979206 0.889682114 -0.529182196 -0.890710473 -0.003508400 0.454559028 -1.078972697 0.025838859 -0.998745084 0.042925913 0.681808352 0.000000000 0.000000000 0.000000000 1.000000000
0.438379318 0.050573528 0.897367120 -0.532733560 -0.898295224 -0.008519409 0.439311475 -1.091632485 0.029861547 -0.998685002 0.041696340 0.680241108 0.000000000 0.000000000 0.000000000 1.000000000
0.449964583 0.034147542 0.892394304 -0.516589522 -0.892932832 0.001174008 0.450189918 -1.094923139 0.014324190 -0.999417126 0.031020878 0.690448225 0.000000000 0.000000000 0.000000000 1.000000000
0.445326239 0.030918943 0.894835472 -0.503961384 -0.895175040 -0.005461149 0.445682764 -1.106745243 0.018665854 -0.999507964 0.025247013 0.722104073 0.000000000 0.000000000 0.000000000 1.000000000
0.426105082 0.015201746 0.904547036 -0.507721841 -0.904330552 -0.020422261 0.426345289 -1.114721179 0.024953019 -0.999676883 0.005046496 0.742803574 0.000000000 0.000000000 0.000000000 1.000000000
0.429929644 0.022775201 0.902576149 -0.510418117 -0.902311265 -0.024122469 0.430411071 -1.127198100 0.031573981 -0.999450564 0.010180492 0.739946961 0.000000000 0.000000000 0.000000000 1.000000000
0.430727273 0.024234962 0.902157664 -0.492284179 -0.902087688 -0.018034326 0.431177169 -1.132666349 0.026718300 -0.999544561 0.014095334 0.734612465 0.000000000 0.000000000 0.000000000 1.000000000
0.439698517 0.022626016 0.897861302 -0.504010677 -0.897629678 -0.022840898 0.440159440 -1.138005853 0.030465957 -0.999483943 0.010267855 0.743976414 0.000000000 0.000000000 0.000000000 1.000000000
0.423170030 0.019566266 0.905839980 -0.510510206 -0.905173242 -0.034878738 0.423610687 -1.136138082 0.039881956 -0.999200881 0.002952405 0.740806937 0.000000000 0.000000000 0.000000000 1.000000000
0.398386925 0.023113795 0.916927159 -0.511127114 -0.916362345 -0.033154082 0.398976117 -1.127708912 0.039620612 -0.999183834 0.007973625 0.739519179 0.000000000 0.000000000 0.000000000 1.000000000
0.396106362 0.015582264 0.918073475 -0.514426827 -0.917745173 -0.024943989 0.396387041 -1.132704973 0.029075913 -0.999568343 0.004421274 0.752012014 0.000000000 0.000000000 0.000000000 1.000000000
0.381743729 0.012611074 0.924183249 -0.514666021 -0.923955441 -0.020844184 0.381933093 -1.138494968 0.024079312 -0.999704182 0.003696111 0.774676263 0.000000000 0.000000000 0.000000000 1.000000000
0.380822837 0.010001482 0.924594998 -0.521304727 -0.923985481 -0.033759739 0.380935967 -1.148593307 0.035022885 -0.999380887 -0.003614062 0.768748343 0.000000000 0.000000000 0.000000000 1.000000000
0.361820579 -0.005397989 0.932233155 -0.521233678 -0.931590617 -0.039663907 0.361340493 -1.160709739 0.035024330 -0.999199450 -0.019378761 0.778030574 0.000000000 0.000000000 0.000000000 1.000000000
0.353016376 -0.014086854 0.935512066 -0.513085604 -0.935046911 -0.040248334 0.352233738 -1.170046806 0.032689761 -0.999091387 -0.027379034 0.788741469 0.000000000 0.000000000 0.000000000 1.000000000
0.343531758 -0.024369756 0.938825727 -0.507148683 -0.938761532 -0.037361883 0.342537493 -1.187101126 0.026727553 -0.999005616 -0.035711244 0.788634956 0.000000000 0.000000000 0.000000000 1.000000000
0.343336940 -0.016594872 0.939066589 -0.507404208 -0.938264906 -0.050978221 0.342142045 -1.177232742 0.042192947 -0.998562813 -0.033071939 0.818903804 0.000000000 0.000000000 0.000000000 1.000000000
0.321556479 -0.019559724 0.946689308 -0.485275924 -0.945742190 -0.055873666 0.320079505 -1.188290477 0.046633109 -0.998247206 -0.036463849 0.822358072 0.000000000 0.000000000 0.000000000 1.000000000
0.307584435 -0.037022728 0.950801134 -0.495020211 -0.950612843 -0.055616621 0.305357069 -1.188456416 0.041573957 -0.997766495 -0.052299961 0.824871719 0.000000000 0.000000000 0.000000000 1.000000000
0.302196920 -0.042818140 0.952284217 -0.521097541 -0.952440262 -0.054634351 0.299789071 -1.190952063 0.039189789 -0.997588813 -0.057290949 0.837164879 0.000000000 0.000000000 0.000000000 1.000000000
0.289895386 -0.061819874 0.955060542 -0.510407090 -0.956390023 -0.056017648 0.286672235 -1.196417451 0.035776965 -0.996515036 -0.075362079 0.829880238 0.000000000 0.000000000 0.000000000 1.000000000
0.265235662 -0.074184075 0.961326361 -0.504970551 -0.963739693 -0.050673425 0.261990368 -1.181783080 0.029276934 -0.995957136 -0.084933467 0.846309364 0.000000000 0.000000000 0.000000000 1.000000000
0.253184736 -0.073153362 0.964649141 -0.508651078 -0.967090845 -0.045092825 0.250405341 -1.165794730 0.025179485 -0.996301591 -0.082161739 0.828718364 0.000000000 0.000000000 0.000000000 1.000000000
0.242269039 -0.085131600 0.966467857 -0.512004614 -0.969934404 -0.044979919 0.239175275 -1.155638099 0.023108967 -0.995354712 -0.093468294 0.821182966 0.000000000 0.000000000 0.000000000 1.000000000
0.226560965 -0.097048856 0.969150841 -0.523430347 -0.973747253 -0.045126680 0.223115876 -1.139425874 0.022080095 -0.994256914 -0.104723997 0.829619467 0.000000000 0.000000000 0.000000000 1.000000000
0.208235621 -0.087910049 0.974120736 -0.527565718 -0.978019238 -0.029758308 0.206382692 -1.147709131 0.010843744 -0.995684683 -0.092173479 0.845421553 0.000000000 0.000000000 0.000000000 1.000000000
0.193758339 -0.102110811 0.975721538 -0.539825380 -0.980991662 -0.031007012 0.191559210 -1.136006832 0.010692598 -0.994290531 -0.106176741 0.844639182 0.000000000 0.000000000 0.000000000 1.000000000
0.189339951 -0.118196003 0.974772573 -0.549160719 -0.981912255 -0.022442317 0.188004822 -1.139459252 -0.000346621 -0.992737472 -0.120306313 0.845794022 0.000000000 0.000000000 0.000000000 1.000000000
0.173402265 -0.122929059 0.977149725 -0.560460329 -0.984848976 -0.024011226 0.171747148 -1.138596177 0.002348479 -0.992125869 -0.125229150 0.862935841 0.000000000 0.000000000 0.000000000 1.000000000
0.175214455 -0.120003864 0.977190137 -0.569785655 -0.984438062 -0.034985043 0.172217026 -1.140197873 0.013518965 -0.992157757 -0.124265231 0.873607993 0.000000000 0.000000000 0.000000000 1.000000000
0.165767774 -0.122661270 0.978507519 -0.566178918 -0.986127496 -0.029316381 0.163383037 -1.136597633 0.008644147 -0.992016435 -0.125818372 0.886180639 0.000000000 0.000000000 0.000000000 1.000000000
0.161180764 -0.113847047 0.980337381 -0.581334889 -0.986925125 -0.017716635 0.160205781 -1.140322685 -0.000872051 -0.993341148 -0.115213156 0.898954511 0.000000000 0.000000000 0.000000000 1.000000000
0.147074044 -0.121342517 0.981655180 -0.590905249 -0.988992274 -0.034363251 0.143924981 -1.136433721 0.016267242 -0.992016494 -0.125059903 0.908186138 0.000000000 0.000000000 0.000000000 1.000000000
0.105389513 -0.131314710 0.985723734 -0.594217122 -0.993900895 -0.046288751 0.100096703 -1.129539371 0.032482304 -0.990260363 -0.135391355 0.911852896 0.000000000 0.000000000 0.000000000 1.000000000
0.089784980 -0.133656442 0.986953080 -0.608830273 -0.995356023 -0.046597280 0.084238410 -1.129850030 0.034728859 -0.989932537 -0.137218684 0.923746169 0.000000000 0.000000000 0.000000000 1.000000000
0.082002640 -0.146753132 0.985769093 -0.614531875 -0.995405853 -0.061121445 0.073704407 -1.115798235 0.049433805 -0.987284005 -0.151090220 0.934536040 0.000000000 0.000000000 0.000000000 1.000000000
0.070848890 -0.162373438 0.984183431 -0.603838384 -0.996632338 -0.052369945 0.063104324 -1.091354728 0.041293677 -0.985339582 -0.165536180 0.941572905 0.000000000 0.000000000 0.000000000 1.000000000
0.068005271 -0.152482733 0.985964477 -0.603005171 -0.995830178 -0.070612714 0.057764653 -1.084643722 0.060812011 -0.985781312 -0.156648204 0.964975417 0.000000000 0.000000000 0.000000000 1.000000000
0.050507680 -0.161187366 0.985631466 -0.619935095 -0.996906817 -0.067643963 0.040022582 -1.094654560 0.060219362 -0.984603882 -0.164104626 0.967266500 0.000000000 0.000000000 0.000000000 1.000000000
0.043466061 -0.163328573 0.985614657 -0.597365975 -0.997543156 -0.061354786 0.033824265 -1.079039931 0.054946192 -0.984663010 -0.165593490 0.972538531 0.000000000 0.000000000 0.000000000 1.000000000
0.044279341 -0.167890981 0.984811544 -0.588799477 -0.997198939 -0.066916943 0.033427674 -1.074517131 0.060286865 -0.983532727 -0.170383096 0.966975927 0.000000000 0.000000000 0.000000000 1.000000000
0.044467505 -0.172265604 0.984047294 -0.567903996 -0.997247756 -0.066158287 0.033481855 -1.081465364 0.059333608 -0.982827365 -0.174732715 0.961187184 0.000000000 0.000000000 0.000000000 1.000000000
0.045173466 -0.188208535 0.981090724 -0.572608352 -0.996795833 -0.073393762 0.031816464 -1.076107979 0.066016309 -0.979383945 -0.190920293 0.968515694 0.000000000 0.000000000 0.000000000 1.000000000
0.039565478 -0.187072426 0.981550097 -0.573867083 -0.997065961 -0.071818247 0.026502607 -1.063456178 0.065533817 -0.979718268 -0.189364478 0.990286291 0.000000000 0.000000000 0.000000000 1.000000000
0.027220620 -0.196573928 0.980112135 -0.576423585 -0.996951938 -0.077058822 0.012232658 -1.060248137 0.073120177 -0.977457106 -0.198071703 0.992728531 0.000000000 0.000000000 0.000000000 1.000000000
0.012058745 -0.195165142 0.980697334 -0.576109529 -0.997443140 -0.071444549 -0.001953813 -1.029654622 0.070445336 -0.978165627 -0.195527032 0.982612193 0.000000000 0.000000000 0.000000000 1.000000000
-0.005114578 -0.204200968 0.978916705 -0.572583795 -0.995829284 -0.088140070 -0.023589425 -1.027125001 0.091097295 -0.974953890 -0.202897877 0.966066241 0.000000000 0.000000000 0.000000000 1.000000000
-0.012968268 -0.224334061 0.974427223 -0.564154983 -0.995774448 -0.085710347 -0.032985311 -1.027278185 0.090916723 -0.970736682 -0.222274035 0.953645587 0.000000000 0.000000000 0.000000000 1.000000000
-0.012960043 -0.226873651 0.973839164 -0.555872500 -0.996788263 -0.074047513 -0.030516751 -1.009422183 0.079032332 -0.971105993 -0.225184798 0.962247431 0.000000000 0.000000000 0.000000000 1.000000000
-0.015355012 -0.243284762 0.969834626 -0.554070115 -0.997051775 -0.069210306 -0.033148032 -0.999533415 0.075185493 -0.967483342 -0.241504252 0.971359968 0.000000000 0.000000000 0.000000000 1.000000000
-0.026488403 -0.239150748 0.970622361 -0.543902695 -0.997363627 -0.059304252 -0.041830670 -0.990674376 0.067564398 -0.969170451 -0.236948907 0.976332784 0.000000000 0.000000000 0.000000000 1.000000000
-0.046936028 -0.246022120 0.968128324 -0.530280411 -0.996219754 -0.059400376 -0.063393407 -0.979571760 0.073101893 -0.967443109 -0.242303640 0.996715724 0.000000000 0.000000000 0.000000000 1.000000000
-0.064627968 -0.247155398 0.966819406 -0.531821132 -0.996151209 -0.041515984 -0.077202283 -0.981530070 0.059217960 -0.968086839 -0.243520647 1.007567406 0.000000000 0.000000000 0.000000000 1.000000000
-0.084594697 -0.248187169 0.965012550 -0.536548257 -0.994487166 -0.039200149 -0.097260743 -0.994035900 0.061966054 -0.967919350 -0.243502423 1.005722046 0.000000000 0.000000000 0.000000000 1.000000000
-0.078145012 -0.261355937 0.962075233 -0.537024498 -0.995405853 -0.033104822 -0.089846015 -0.997105241 0.055329666 -0.964675367 -0.257567823 1.006594300 0.000000000 0.000000000 0.000000000 1.000000000
-0.080046751 -0.262071341 0.961724102 -0.528541744 -0.995444000 -0.029135978 -0.090793431 -0.987509489 0.051813684 -0.964609325 -0.258544683 1.003309131 0.000000000 0.000000000 0.000000000 1.000000000
-0.081924334 -0.264852822 0.960803628 -0.527889073 -0.995494783 -0.024436828 -0.091619045 -0.983526230 0.047743093 -0.963979900 -0.261657178 1.006895900 0.000000000 0.000000000 0.000000000 1.000000000
-0.085944027 -0.258902699 0.962073445 -0.526713252 -0.995310783 -0.020720363 -0.094489738 -0.968425870 0.044396676 -0.965681970 -0.255907357 1.007157564 0.000000000 0.000000000 0.000000000 1.000000000
-0.080266416 -0.266226321 0.960563958 -0.526342571 -0.995530069 -0.026719278 -0.090594150 -0.973147392 0.049782638 -0.963541090 -0.262891054 0.995522022 0.000000000 0.000000000 0.000000000 1.000000000
-0.079614632 -0.267898917 0.960153043 -0.522990704 -0.995992541 -0.018010695 -0.087612160 -0.957569778 0.040762756 -0.963279545 -0.265390754 1.006110787 0.000000000 0.000000000 0.000000000 1.000000000
-0.091046654 -0.261922270 0.960785747 -0.546543062 -0.994514227 -0.025989421 -0.101328336 -0.944365442 0.051508933 -0.964739799 -0.258118510 1.010455012 0.000000000 0.000000000 0.000000000 1.000000000
-0.098716438 -0.266940325 0.958644807 -0.543810248 -0.993368447 -0.030637320 -0.110823706 -0.954813480 0.058952134 -0.963226795 -0.262145072 1.025965214 0.000000000 0.000000000 0.000000000 1.000000000
-0.096413612 -0.272569954 0.957294106 -0.536984265 -0.994506061 -0.013029674 -0.103871778 -0.945953786 0.040784083 -0.962048650 -0.269815534 1.031185389 0.000000000 0.000000000 0.000000000 1.000000000
-0.122506388 -0.264435053 0.956591904 -0.516059101 -0.990864396 -0.022187512 -0.133029342 -0.932840765 0.056400515 -0.964149237 -0.259300500 1.036566377 0.000000000 0.000000000 0.000000000 1.000000000
-0.127314389 -0.267746270 0.955041766 -0.521442115 -0.989728391 -0.028845930 -0.140025765 -0.929646194 0.065038934 -0.963058531 -0.261322916 1.033120871 0.000000000 0.000000000 0.000000000 1.000000000
-0.140622973 -0.252220511 0.957398355 -0.517548919 -0.989239693 -0.003655480 -0.146263227 -0.945384026 0.040388837 -0.967663705 -0.248991862 1.047712445 0.000000000 0.000000000 0.000000000 1.000000000
-0.147972584 -0.261651099 0.953752875 -0.517291307 -0.988389790 0.005470915 -0.151845887 -0.944864571 0.034511250 -0.965147793 -0.259422153 1.049298048 0.000000000 0.000000000 0.000000000 1.000000000
-0.169964701 -0.273591012 0.946711063 -0.517614961 -0.985063195 0.020225484 -0.171005502 -0.930859983 0.027636398 -0.961634278 -0.272941411 1.056537032 0.000000000 0.000000000 0.000000000 1.000000000
-0.184700295 -0.289189994 0.939285219 -0.493129343 -0.981629848 0.007749873 -0.190641224 -0.931819737 0.047850687 -0.957241118 -0.285308421 1.051439047 0.000000000 0.000000000 0.000000000 1.000000000
-0.190978974 -0.283200204 0.939854562 -0.486424088 -0.980624974 0.012495816 -0.195498690 -0.909780025 0.043619514 -0.958980203 -0.280099154 1.059775591 0.000000000 0.000000000 0.000000000 1.000000000
-0.187319145 -0.285684377 0.939839363 -0.479919523 -0.981029391 0.005765220 -0.193776712 -0.917127311 0.049939070 -0.958307326 -0.281344146 1.065606117 0.000000000 0.000000000 0.000000000 1.000000000
-0.192000434 -0.275279641 0.941997349 -0.477212429 -0.980408490 0.010765967 -0.196683779 -0.920841753 0.044000000 -0.961304843 -0.271953076 1.069553137 0.000000000 0.000000000 0.000000000 1.000000000
-0.200724721 -0.275736779 0.940042973 -0.480361223 -0.978928626 0.019683437 -0.203254670 -0.923590004 0.037539966 -0.961032569 -0.273877144 1.056613088 0.000000000 0.000000000 0.000000000 1.000000000
-0.199193016 -0.300214887 0.932842374 -0.474205881 -0.979651928 0.037106812 -0.197246790 -0.912331104 0.024600096 -0.953150451 -0.301497072 1.064726472 0.000000000 0.000000000 0.000000000 1.000000000
-0.208752662 -0.306327105 0.928755999 -0.469401747 -0.977117240 0.025703458 -0.211145386 -0.901491463 0.040805757 -0.951580167 -0.304682702 1.070145607 0.000000000 0.000000000 0.000000000 1.000000000
-0.223990455 -0.308394790 0.924512088 -0.434532553 -0.973768890 0.031842962 -0.225302741 -0.904534101 0.040041432 -0.950726271 -0.307437301 1.057359815 0.000000000 0.000000000 0.000000000 1.000000000
-0.231794849 -0.302836180 0.924425840 -0.425497532 -0.971650660 0.026600152 -0.234922573 -0.888666034 0.046551630 -0.952672303 -0.300416321 1.048020244 0.000000000 0.000000000 0.000000000 1.000000000
-0.231571466 -0.306792200 0.923176587 -0.405118406 -0.971850455 0.030632479 -0.233601451 -0.875842035 0.043386385 -0.951284349 -0.305249333 1.039271951 0.000000000 0.000000000 0.000000000 1.000000000
-0.240429685 -0.332183719 0.912057757 -0.389108896 -0.969734430 0.041018426 -0.240694866 -0.878698409 0.042542219 -0.942323267 -0.331991643 1.053610444 0.000000000 0.000000000 0.000000000 1.000000000
-0.269174159 -0.350913614 0.896887183 -0.374775499 -0.962195039 0.057800893 -0.266159743 -0.864314437 0.041556664 -0.934623063 -0.353205532 1.047263622 0.000000000 0.000000000 0.000000000 1.000000000
-0.280351877 -0.340429962 0.897503138 -0.390315384 -0.958956003 0.057922784 -0.277577609 -0.880535841 0.042508326 -0.938484907 -0.342695892 1.062387466 0.000000000 0.000000000 0.000000000 1.000000000
-0.284845680 -0.342368662 0.895348072 -0.394020528 -0.957822442 0.064680800 -0.279988497 -0.885306478 0.037945919 -0.937337458 -0.346352160 1.056913853 0.000000000 0.000000000 0.000000000 1.000000000
-0.277196169 -0.331582427 0.901785433 -0.392322361 -0.960317373 0.065444961 -0.271124512 -0.877019048 0.030881302 -0.941154361 -0.336565167 1.063742638 0.000000000 0.000000000 0.000000000 1.000000000
-0.273074657 -0.340055555 0.899885595 -0.395474583 -0.961383581 0.063166298 -0.267866969 -0.867114604 0.034245700 -0.938282311 -0.344172567 1.048241019 0.000000000 0.000000000 0.000000000 1.000000000
-0.277546793 -0.333078057 0.901126146 -0.369667709 -0.959863007 0.056700733 -0.274679959 -0.864841163 0.040393844 -0.941193700 -0.335446000 1.056830168 0.000000000 0.000000000 0.000000000 1.000000000
-0.291329563 -0.324751705 0.899813831 -0.358465165 -0.955636322 0.056083996 -0.289161921 -0.854747415 0.043439165 -0.944135785 -0.326683015 1.058429241 0.000000000 0.000000000 0.000000000 1.000000000
-0.313906550 -0.320962965 0.893558681 -0.356820703 -0.948329806 0.060201712 -0.311523646 -0.858453095 0.046192277 -0.945177138 -0.323276013 1.053189039 0.000000000 0.000000000 0.000000000 1.000000000
-0.321922868 -0.307353228 0.895489395 -0.345093161 -0.945264041 0.051082484 -0.322284102 -0.850491345 0.053309724 -0.950224102 -0.306974143 1.046737909 0.000000000 0.000000000 0.000000000 1.000000000
-0.330811232 -0.308559507 0.891827583 -0.349281609 -0.941703200 0.046534941 -0.333211780 -0.838590503 0.061312996 -0.950066745 -0.305965334 1.041136026 0.000000000 0.000000000 0.000000000 1.000000000
