I1209 16:52:31.147890 4115830 fuse_replica.cpp:47] Loading Replica files from /root/data/Replica/office0
I1209 16:52:31.148451 4115830 image_loader_impl.h:102] Using 6 threads for loading images.
I1209 16:52:31.149011 4115830 image_loader_impl.h:102] Using 6 threads for loading images.
I1209 16:52:31.149791 4115830 image_loader_impl.h:102] Using 6 threads for loading images.
I1209 16:52:31.268571 4115830 fuser.cpp:154] Projective layer variant = TSDF (for occupancy set the use_occupancy_layer flag)
I1209 16:52:31.268611 4115830 fuser.cpp:159] Command line parameter found: voxel_size = 0.02
I1209 16:52:31.269642 4115830 layer_cake_impl.h:32] Adding Layer with type: N6nvblox15VoxelBlockLayerINS_9TsdfVoxelEEE, voxel_size: 0.02, and memory_type: kDevice to LayerCake.
I1209 16:52:31.269665 4115830 layer_cake_impl.h:32] Adding Layer with type: N6nvblox15VoxelBlockLayerINS_18CertifiedTsdfVoxelEEE, voxel_size: 0.02, and memory_type: kDevice to LayerCake.
I1209 16:52:31.269671 4115830 layer_cake_impl.h:32] Adding Layer with type: N6nvblox15VoxelBlockLayerINS_10ColorVoxelEEE, voxel_size: 0.02, and memory_type: kDevice to LayerCake.
I1209 16:52:31.269676 4115830 layer_cake_impl.h:32] Adding Layer with type: N6nvblox15VoxelBlockLayerINS_14OccupancyVoxelEEE, voxel_size: 0.02, and memory_type: kDevice to LayerCake.
I1209 16:52:31.269681 4115830 layer_cake_impl.h:32] Adding Layer with type: N6nvblox15VoxelBlockLayerINS_9EsdfVoxelEEE, voxel_size: 0.02, and memory_type: kDevice to LayerCake.
I1209 16:52:31.269686 4115830 layer_cake_impl.h:32] Adding Layer with type: N6nvblox15VoxelBlockLayerINS_18CertifiedEsdfVoxelEEE, voxel_size: 0.02, and memory_type: kDevice to LayerCake.
I1209 16:52:31.269690 4115830 layer_cake_impl.h:32] Adding Layer with type: N6nvblox10BlockLayerINS_9MeshBlockEEE, voxel_size: 0.02, and memory_type: kDevice to LayerCake.
I1209 16:52:31.269696 4115830 layer_cake_impl.h:32] Adding Layer with type: N6nvblox10BlockLayerINS_18CertifiedMeshBlockEEE, voxel_size: 0.02, and memory_type: kDevice to LayerCake.
I1209 16:52:31.269713 4115830 fuser.cpp:222] Command line parameter found: mesh_output_path = results_eval/final_result/mesh.ply
I1209 16:52:31.269717 4115830 fuser.cpp:228] Command line parameter found: certified_mesh_output_path = results_eval/final_result/certi_mesh.ply
W1209 16:52:31.269721 4115830 fuser.cpp:621] EsdfMode already set. Cannot change once set. Not doing anything.
I1209 16:52:31.269945 4115830 fuser.cpp:231] Enabling certified mapping
I1209 16:52:31.269951 4115830 fuser.cpp:237] Command line parameter found: transformed_certified_mesh_output_path = results_eval/final_result/certi_mesh.ply
W1209 16:52:31.269954 4115830 fuser.cpp:621] EsdfMode already set. Cannot change once set. Not doing anything.
I1209 16:52:31.269959 4115830 fuser.cpp:240] Enabling certified mapping
I1209 16:52:31.269963 4115830 fuser.cpp:250] Command line parameter found: trajectory_output_path = results_eval/final_result/trajectory.txt
I1209 16:52:31.269979 4115830 fuser.cpp:469] Command line parameter found: odometry_error_covariance = 0.0001
I1209 16:52:31.269982 4115830 fuser.cpp:511] Trying to integrate the first frame: 
I1209 16:52:31.269985 4115830 fuser.cpp:763] Integrating 2147483647 frames.
I1209 16:52:31.270125 4115830 fuser.cpp:669] Single Frame: Transform Matrix:
  0.902818  -0.306413   0.301714  -0.355854
 -0.429722  -0.616596   0.659657  -0.650319
-0.0160918  -0.725204  -0.688347   0.817479
         0          0          0          1
I1209 16:52:31.270143 4115830 fuser.cpp:676] transform dist: 0.0101628 m
I1209 16:52:31.292835 4115830 tsdf_deflation_integrator.cu:463] Decrement Range: 100 100
I1209 16:52:31.292896 4115830 tsdf_deflation_integrator.cu:529] CertifiedTSDF deallocated 0 blocks
I1209 16:52:31.292937 4115830 fuser.cpp:693] DOING DEFLATION!!
I1209 16:52:31.307677 4115830 sphere_tracer.cu:404] Allocating output space for sphere tracing
I1209 16:52:31.309844 4115830 fuser.cpp:767] Integrating frame 0
I1209 16:52:31.309916 4115830 fuser.cpp:669] Single Frame: Transform Matrix:
   0.906958     -0.2906    0.304925   -0.355143
  -0.421161   -0.613363    0.668138   -0.645421
-0.00713113   -0.734396   -0.678684    0.804031
          0           0           0           1
I1209 16:52:31.309952 4115830 fuser.cpp:676] transform dist: 0.0182485 m
I1209 16:52:31.312023 4115830 tsdf_deflation_integrator.cu:463] Decrement Range: 0.0188662 0.0272778
I1209 16:52:31.312049 4115830 tsdf_deflation_integrator.cu:529] CertifiedTSDF deallocated 0 blocks
I1209 16:52:31.312083 4115830 fuser.cpp:693] DOING DEFLATION!!
I1209 16:52:31.321673 4115830 fuser.cpp:767] Integrating frame 1
I1209 16:52:31.321743 4115830 fuser.cpp:669] Single Frame: Transform Matrix:
  0.912524  -0.276579   0.301336  -0.336758
  -0.40884  -0.594767   0.692172  -0.633233
-0.0122159  -0.754822  -0.655816   0.777252
         0          0          0          1
I1209 16:52:31.321760 4115830 fuser.cpp:676] transform dist: 0.0289512 m
I1209 16:52:31.323750 4115830 tsdf_deflation_integrator.cu:463] Decrement Range: 0.0188166 0.0271827
I1209 16:52:31.323776 4115830 tsdf_deflation_integrator.cu:529] CertifiedTSDF deallocated 0 blocks
I1209 16:52:31.323808 4115830 fuser.cpp:693] DOING DEFLATION!!
I1209 16:52:31.332617 4115830 fuser.cpp:767] Integrating frame 2
I1209 16:52:31.332687 4115830 fuser.cpp:669] Single Frame: Transform Matrix:
   0.919068   -0.260281    0.295918   -0.330328
  -0.394097   -0.604587    0.692215    -0.62802
-0.00126254   -0.752813   -0.658233    0.769203
          0           0           0           1
I1209 16:52:31.332705 4115830 fuser.cpp:676] transform dist: 0.032573 m
I1209 16:52:31.334592 4115830 tsdf_deflation_integrator.cu:463] Decrement Range: 0.0192649 0.0269979
I1209 16:52:31.334619 4115830 tsdf_deflation_integrator.cu:529] CertifiedTSDF deallocated 0 blocks
I1209 16:52:31.334656 4115830 fuser.cpp:693] DOING DEFLATION!!
I1209 16:52:31.342808 4115830 fuser.cpp:767] Integrating frame 3
I1209 16:52:31.342871 4115830 fuser.cpp:669] Single Frame: Transform Matrix:
   0.914812   -0.266506    0.303469   -0.314913
  -0.403862   -0.596678    0.693448   -0.621835
-0.00373463   -0.756934    -0.65348    0.750558
          0           0           0           1
I1209 16:52:31.342888 4115830 fuser.cpp:676] transform dist: 0.0388911 m
I1209 16:52:31.344777 4115830 tsdf_deflation_integrator.cu:463] Decrement Range: 0.0178995 0.025953
I1209 16:52:31.344808 4115830 tsdf_deflation_integrator.cu:529] CertifiedTSDF deallocated 0 blocks
I1209 16:52:31.344846 4115830 fuser.cpp:693] DOING DEFLATION!!
I1209 16:52:31.352887 4115830 fuser.cpp:767] Integrating frame 4
I1209 16:52:31.352957 4115830 fuser.cpp:669] Single Frame: Transform Matrix:
  0.918807  -0.254437   0.301754  -0.293576
 -0.394701  -0.596419   0.698924  -0.634391
0.00213908  -0.761279  -0.648421   0.755451
         0          0          0          1
I1209 16:52:31.352973 4115830 fuser.cpp:676] transform dist: 0.020882 m
I1209 16:52:31.354840 4115830 tsdf_deflation_integrator.cu:463] Decrement Range: 0.0187473 0.0266052
I1209 16:52:31.354866 4115830 tsdf_deflation_integrator.cu:529] CertifiedTSDF deallocated 0 blocks
I1209 16:52:31.354902 4115830 fuser.cpp:693] DOING DEFLATION!!
I1209 16:52:31.362864 4115830 fuser.cpp:767] Integrating frame 5
I1209 16:52:31.362926 4115830 fuser.cpp:669] Single Frame: Transform Matrix:
 0.917596 -0.252567  0.306966 -0.279685
-0.397388 -0.602362  0.692273 -0.639706
0.0100599 -0.757212 -0.653092  0.737775
        0         0         0         1
I1209 16:52:31.362941 4115830 fuser.cpp:676] transform dist: 0.0317667 m
I1209 16:52:31.364889 4115830 tsdf_deflation_integrator.cu:463] Decrement Range: 0.0204854 0.0278139
I1209 16:52:31.364918 4115830 tsdf_deflation_integrator.cu:529] CertifiedTSDF deallocated 0 blocks
I1209 16:52:31.364955 4115830 fuser.cpp:693] DOING DEFLATION!!
I1209 16:52:31.373261 4115830 fuser.cpp:767] Integrating frame 6
I1209 16:52:31.373323 4115830 fuser.cpp:669] Single Frame: Transform Matrix:
 0.927183 -0.227128    0.2979 -0.272036
-0.374307 -0.593636  0.712384 -0.645977
0.0150419 -0.772016 -0.635425   0.70963
        0         0         0         1
I1209 16:52:31.373339 4115830 fuser.cpp:676] transform dist: 0.0549018 m
I1209 16:52:31.375154 4115830 tsdf_deflation_integrator.cu:463] Decrement Range: 0.0205704 0.0266389
I1209 16:52:31.375191 4115830 tsdf_deflation_integrator.cu:529] CertifiedTSDF deallocated 0 blocks
I1209 16:52:31.375229 4115830 fuser.cpp:693] DOING DEFLATION!!
I1209 16:52:31.383163 4115830 fuser.cpp:767] Integrating frame 7
I1209 16:52:31.383224 4115830 fuser.cpp:669] Single Frame: Transform Matrix:
 0.926545 -0.215184  0.308562 -0.267911
-0.375556 -0.576486  0.725686 -0.646572
0.0217262 -0.788263 -0.614954  0.704147
        0         0         0         1
I1209 16:52:31.383240 4115830 fuser.cpp:676] transform dist: 0.0560033 m
I1209 16:52:31.385252 4115830 tsdf_deflation_integrator.cu:463] Decrement Range: 0.0247532 0.0267568
I1209 16:52:31.385278 4115830 tsdf_deflation_integrator.cu:529] CertifiedTSDF deallocated 0 blocks
I1209 16:52:31.385317 4115830 fuser.cpp:693] DOING DEFLATION!!
I1209 16:52:31.393323 4115830 fuser.cpp:767] Integrating frame 8
I1209 16:52:31.393380 4115830 fuser.cpp:669] Single Frame: Transform Matrix:
 0.925026 -0.197162  0.324736 -0.267411
-0.377348 -0.575806  0.725297 -0.641933
0.0439839 -0.793458 -0.607034  0.713887
        0         0         0         1
I1209 16:52:31.393396 4115830 fuser.cpp:676] transform dist: 0.0434771 m
I1209 16:52:31.395459 4115830 tsdf_deflation_integrator.cu:463] Decrement Range: 0.0192134 0.0235947
I1209 16:52:31.395486 4115830 tsdf_deflation_integrator.cu:529] CertifiedTSDF deallocated 0 blocks
I1209 16:52:31.395525 4115830 fuser.cpp:693] DOING DEFLATION!!
I1209 16:52:31.403379 4115830 fuser.cpp:767] Integrating frame 9
I1209 16:52:31.403439 4115830 fuser.cpp:669] Single Frame: Transform Matrix:
 0.922739 -0.199651  0.329685 -0.277942
-0.382502 -0.579511  0.719624 -0.641177
0.0473826  -0.79013 -0.611105  0.718241
        0         0         0         1
I1209 16:52:31.403455 4115830 fuser.cpp:676] transform dist: 0.0462899 m
I1209 16:52:31.405216 4115830 tsdf_deflation_integrator.cu:463] Decrement Range: 0.0185828 0.023607
I1209 16:52:31.405247 4115830 tsdf_deflation_integrator.cu:529] CertifiedTSDF deallocated 0 blocks
I1209 16:52:31.405287 4115830 fuser.cpp:693] DOING DEFLATION!!
I1209 16:52:31.413285 4115830 fuser.cpp:767] Integrating frame 10
I1209 16:52:31.413343 4115830 fuser.cpp:669] Single Frame: Transform Matrix:
 0.922668 -0.190257   0.33539 -0.266558
-0.381535 -0.576359  0.722662 -0.647033
0.0558133  -0.79474 -0.604378  0.725318
        0         0         0         1
I1209 16:52:31.413358 4115830 fuser.cpp:676] transform dist: 0.0411639 m
I1209 16:52:31.415278 4115830 tsdf_deflation_integrator.cu:463] Decrement Range: 0.0149194 0.0283767
I1209 16:52:31.415304 4115830 tsdf_deflation_integrator.cu:529] CertifiedTSDF deallocated 0 blocks
I1209 16:52:31.415344 4115830 fuser.cpp:693] DOING DEFLATION!!
I1209 16:52:31.423013 4115830 fuser.cpp:767] Integrating frame 11
I1209 16:52:31.423065 4115830 fuser.cpp:669] Single Frame: Transform Matrix:
 0.922925 -0.203573  0.326754 -0.270942
-0.383069 -0.570085  0.726816 -0.668924
0.0383173 -0.795966 -0.604128  0.713858
        0         0         0         1
I1209 16:52:31.423080 4115830 fuser.cpp:676] transform dist: 0.0646833 m
I1209 16:52:31.424824 4115830 tsdf_deflation_integrator.cu:463] Decrement Range: 0.0123943 0.0278693
I1209 16:52:31.424855 4115830 tsdf_deflation_integrator.cu:529] CertifiedTSDF deallocated 0 blocks
I1209 16:52:31.424885 4115830 fuser.cpp:693] DOING DEFLATION!!
I1209 16:52:31.432963 4115830 fuser.cpp:767] Integrating frame 12
I1209 16:52:31.433027 4115830 fuser.cpp:669] Single Frame: Transform Matrix:
 0.925183 -0.196386  0.324759 -0.276399
-0.377409 -0.566223  0.732772 -0.659408
0.0399799 -0.800515 -0.597978   0.71021
        0         0         0         1
I1209 16:52:31.433045 4115830 fuser.cpp:676] transform dist: 0.0613009 m
I1209 16:52:31.434732 4115830 tsdf_deflation_integrator.cu:463] Decrement Range: 0.0144144 0.03362
I1209 16:52:31.434763 4115830 tsdf_deflation_integrator.cu:529] CertifiedTSDF deallocated 0 blocks
I1209 16:52:31.434794 4115830 fuser.cpp:693] DOING DEFLATION!!
I1209 16:52:31.442245 4115830 fuser.cpp:767] Integrating frame 13
I1209 16:52:31.442317 4115830 fuser.cpp:669] Single Frame: Transform Matrix:
 0.923321 -0.197822  0.329159 -0.278628
-0.382242 -0.556014  0.738064 -0.657217
0.0370121 -0.807288 -0.588996  0.698238
        0         0         0         1
I1209 16:52:31.442333 4115830 fuser.cpp:676] transform dist: 0.0640691 m
I1209 16:52:31.444023 4115830 tsdf_deflation_integrator.cu:463] Decrement Range: 0.0171197 0.024272
I1209 16:52:31.444049 4115830 tsdf_deflation_integrator.cu:529] CertifiedTSDF deallocated 0 blocks
I1209 16:52:31.444079 4115830 fuser.cpp:693] DOING DEFLATION!!
I1209 16:52:31.451740 4115830 fuser.cpp:767] Integrating frame 14
I1209 16:52:31.451797 4115830 fuser.cpp:669] Single Frame: Transform Matrix:
  0.92763  -0.18486  0.324545 -0.271851
-0.369957 -0.574182  0.730375 -0.668139
0.0513307 -0.797585 -0.601019  0.696082
        0         0         0         1
I1209 16:52:31.451817 4115830 fuser.cpp:676] transform dist: 0.0663791 m
I1209 16:52:31.453502 4115830 tsdf_deflation_integrator.cu:463] Decrement Range: 0.0144386 0.0260186
I1209 16:52:31.453531 4115830 tsdf_deflation_integrator.cu:529] CertifiedTSDF deallocated 0 blocks
I1209 16:52:31.453564 4115830 fuser.cpp:693] DOING DEFLATION!!
I1209 16:52:31.461310 4115830 fuser.cpp:767] Integrating frame 15
I1209 16:52:31.461369 4115830 fuser.cpp:669] Single Frame: Transform Matrix:
 0.930699   -0.1868  0.314493  -0.29004
-0.363396 -0.570328  0.736661 -0.676039
0.0417561 -0.799894 -0.598686  0.682549
        0         0         0         1
I1209 16:52:31.461386 4115830 fuser.cpp:676] transform dist: 0.0848897 m
I1209 16:52:31.463081 4115830 tsdf_deflation_integrator.cu:463] Decrement Range: 0.02067 0.0238826
I1209 16:52:31.463110 4115830 tsdf_deflation_integrator.cu:529] CertifiedTSDF deallocated 0 blocks
I1209 16:52:31.463140 4115830 fuser.cpp:693] DOING DEFLATION!!
I1209 16:52:31.470748 4115830 fuser.cpp:767] Integrating frame 16
I1209 16:52:31.470813 4115830 fuser.cpp:669] Single Frame: Transform Matrix:
 0.931685 -0.183881   0.31329 -0.268834
-0.360905 -0.566742  0.740642 -0.667557
0.0413649 -0.803113 -0.594389  0.685026
        0         0         0         1
I1209 16:52:31.470829 4115830 fuser.cpp:676] transform dist: 0.0621467 m
I1209 16:52:31.472504 4115830 tsdf_deflation_integrator.cu:463] Decrement Range: 0.0130828 0.027794
I1209 16:52:31.472537 4115830 tsdf_deflation_integrator.cu:529] CertifiedTSDF deallocated 0 blocks
I1209 16:52:31.472568 4115830 fuser.cpp:693] DOING DEFLATION!!
I1209 16:52:31.480309 4115830 fuser.cpp:767] Integrating frame 17
I1209 16:52:31.480381 4115830 fuser.cpp:669] Single Frame: Transform Matrix:
 0.930761 -0.171563  0.322878 -0.272284
-0.362206 -0.553197  0.750187 -0.665525
0.0499107 -0.815193 -0.577035  0.701049
        0         0         0         1
I1209 16:52:31.480397 4115830 fuser.cpp:676] transform dist: 0.0535688 m
I1209 16:52:31.482321 4115830 tsdf_deflation_integrator.cu:463] Decrement Range: 0.0155363 0.0268703
I1209 16:52:31.482353 4115830 tsdf_deflation_integrator.cu:529] CertifiedTSDF deallocated 0 blocks
I1209 16:52:31.482384 4115830 fuser.cpp:693] DOING DEFLATION!!
I1209 16:52:31.490217 4115830 fuser.cpp:767] Integrating frame 18
I1209 16:52:31.490279 4115830 fuser.cpp:669] Single Frame: Transform Matrix:
 0.935281 -0.173683  0.308358 -0.289561
-0.351248 -0.562164   0.74873 -0.679749
0.0433058 -0.808582 -0.586787  0.714569
        0         0         0         1
I1209 16:52:31.490296 4115830 fuser.cpp:676] transform dist: 0.0711918 m
I1209 16:52:31.492030 4115830 tsdf_deflation_integrator.cu:463] Decrement Range: 0.0188349 0.0272819
I1209 16:52:31.492062 4115830 tsdf_deflation_integrator.cu:529] CertifiedTSDF deallocated 0 blocks
I1209 16:52:31.492094 4115830 fuser.cpp:693] DOING DEFLATION!!
I1209 16:52:31.499563 4115830 fuser.cpp:767] Integrating frame 19
I1209 16:52:31.499630 4115830 fuser.cpp:669] Single Frame: Transform Matrix:
 0.940974 -0.166174  0.294879 -0.294315
-0.336311 -0.557444  0.759046 -0.671637
0.0382451 -0.813414 -0.580427  0.706952
        0         0         0         1
I1209 16:52:31.499655 4115830 fuser.cpp:676] transform dist: 0.0632605 m
I1209 16:52:31.501390 4115830 tsdf_deflation_integrator.cu:463] Decrement Range: 0.018784 0.0289791
I1209 16:52:31.501417 4115830 tsdf_deflation_integrator.cu:529] CertifiedTSDF deallocated 0 blocks
I1209 16:52:31.501447 4115830 fuser.cpp:693] DOING DEFLATION!!
I1209 16:52:31.509054 4115830 fuser.cpp:767] Integrating frame 20
I1209 16:52:31.509120 4115830 fuser.cpp:669] Single Frame: Transform Matrix:
 0.937783 -0.177681  0.298316 -0.301338
-0.345441 -0.564321  0.749808 -0.682593
0.0351191 -0.806208 -0.590589  0.700512
        0         0         0         1
I1209 16:52:31.509137 4115830 fuser.cpp:676] transform dist: 0.0702237 m
I1209 16:52:31.510818 4115830 tsdf_deflation_integrator.cu:463] Decrement Range: 0.0187913 0.0263333
I1209 16:52:31.510846 4115830 tsdf_deflation_integrator.cu:529] CertifiedTSDF deallocated 0 blocks
I1209 16:52:31.510876 4115830 fuser.cpp:693] DOING DEFLATION!!
I1209 16:52:31.518509 4115830 fuser.cpp:767] Integrating frame 21
I1209 16:52:31.518575 4115830 fuser.cpp:669] Single Frame: Transform Matrix:
 0.936083 -0.178954  0.302859 -0.314485
-0.350366 -0.551389  0.757109 -0.698218
0.0315053 -0.814829 -0.578845  0.686368
        0         0         0         1
I1209 16:52:31.518592 4115830 fuser.cpp:676] transform dist: 0.0853615 m
I1209 16:52:31.520254 4115830 tsdf_deflation_integrator.cu:463] Decrement Range: 0.0153904 0.0277917
I1209 16:52:31.520282 4115830 tsdf_deflation_integrator.cu:529] CertifiedTSDF deallocated 0 blocks
I1209 16:52:31.520310 4115830 fuser.cpp:693] DOING DEFLATION!!
I1209 16:52:31.527680 4115830 fuser.cpp:767] Integrating frame 22
I1209 16:52:31.527738 4115830 fuser.cpp:669] Single Frame: Transform Matrix:
 0.941767 -0.172508  0.288646 -0.308951
 -0.33532 -0.546176  0.767628 -0.705624
0.0252295 -0.819715 -0.572216  0.682861
        0         0         0         1
I1209 16:52:31.527755 4115830 fuser.cpp:676] transform dist: 0.081256 m
I1209 16:52:31.529467 4115830 tsdf_deflation_integrator.cu:463] Decrement Range: 0.0139409 0.020253
I1209 16:52:31.529498 4115830 tsdf_deflation_integrator.cu:529] CertifiedTSDF deallocated 0 blocks
I1209 16:52:31.529528 4115830 fuser.cpp:693] DOING DEFLATION!!
I1209 16:52:31.537190 4115830 fuser.cpp:767] Integrating frame 23
I1209 16:52:31.537261 4115830 fuser.cpp:669] Single Frame: Transform Matrix:
  0.93243 -0.191508  0.306429 -0.320064
-0.360885 -0.536576   0.76279 -0.695866
0.0183426 -0.821834 -0.569432  0.678501
        0         0         0         1
I1209 16:52:31.537277 4115830 fuser.cpp:676] transform dist: 0.0742521 m
I1209 16:52:31.538995 4115830 tsdf_deflation_integrator.cu:463] Decrement Range: 0.0202167 0.0283276
I1209 16:52:31.539023 4115830 tsdf_deflation_integrator.cu:529] CertifiedTSDF deallocated 0 blocks
I1209 16:52:31.539054 4115830 fuser.cpp:693] DOING DEFLATION!!
I1209 16:52:31.546394 4115830 fuser.cpp:767] Integrating frame 24
I1209 16:52:31.546451 4115830 fuser.cpp:669] Single Frame: Transform Matrix:
   0.93493  -0.203192   0.290892  -0.336839
 -0.354831   -0.53609   0.765965  -0.713314
0.00030674  -0.819341  -0.573307    0.67867
         0          0          0          1
I1209 16:52:31.546469 4115830 fuser.cpp:676] transform dist: 0.0898349 m
I1209 16:52:31.548183 4115830 tsdf_deflation_integrator.cu:463] Decrement Range: 0.0129994 0.0349615
I1209 16:52:31.548216 4115830 tsdf_deflation_integrator.cu:529] CertifiedTSDF deallocated 0 blocks
I1209 16:52:31.548246 4115830 fuser.cpp:693] DOING DEFLATION!!
I1209 16:52:31.555944 4115830 fuser.cpp:767] Integrating frame 25
I1209 16:52:31.556016 4115830 fuser.cpp:669] Single Frame: Transform Matrix:
 0.931944 -0.186786  0.310793  -0.33108
-0.362283 -0.515653  0.776436 -0.715759
0.0152343  -0.83619 -0.548229  0.671585
        0         0         0         1
I1209 16:52:31.556033 4115830 fuser.cpp:676] transform dist: 0.081025 m
I1209 16:52:31.557830 4115830 tsdf_deflation_integrator.cu:463] Decrement Range: 0.0220472 0.025202
I1209 16:52:31.557865 4115830 tsdf_deflation_integrator.cu:529] CertifiedTSDF deallocated 0 blocks
I1209 16:52:31.557907 4115830 fuser.cpp:693] DOING DEFLATION!!
I1209 16:52:31.565287 4115830 fuser.cpp:767] Integrating frame 26
I1209 16:52:31.565364 4115830 fuser.cpp:669] Single Frame: Transform Matrix:
  0.92933 -0.191215  0.315884 -0.343785
-0.368891 -0.518539  0.771387 -0.730695
0.0162973 -0.833399 -0.552432  0.671882
        0         0         0         1
I1209 16:52:31.565382 4115830 fuser.cpp:676] transform dist: 0.0913511 m
I1209 16:52:31.567104 4115830 tsdf_deflation_integrator.cu:463] Decrement Range: 0.0184796 0.0286994
I1209 16:52:31.567134 4115830 tsdf_deflation_integrator.cu:529] CertifiedTSDF deallocated 0 blocks
I1209 16:52:31.567168 4115830 fuser.cpp:693] DOING DEFLATION!!
I1209 16:52:31.574322 4115830 fuser.cpp:767] Integrating frame 27
I1209 16:52:31.574398 4115830 fuser.cpp:669] Single Frame: Transform Matrix:
 0.923651 -0.201803  0.325799 -0.357611
-0.382958 -0.518373  0.764613 -0.732668
0.0145846 -0.831002 -0.556078  0.659213
        0         0         0         1
I1209 16:52:31.574415 4115830 fuser.cpp:676] transform dist: 0.0955819 m
I1209 16:52:31.576177 4115830 tsdf_deflation_integrator.cu:463] Decrement Range: 0.0119491 0.0254022
I1209 16:52:31.576206 4115830 tsdf_deflation_integrator.cu:529] CertifiedTSDF deallocated 0 blocks
I1209 16:52:31.576241 4115830 fuser.cpp:693] DOING DEFLATION!!
I1209 16:52:31.583827 4115830 fuser.cpp:767] Integrating frame 28
I1209 16:52:31.583927 4115830 fuser.cpp:669] Single Frame: Transform Matrix:
 0.922879 -0.198032  0.330268  -0.37118
-0.384595 -0.517458  0.764411 -0.735831
0.0195221 -0.832478 -0.553714  0.671005
        0         0         0         1
I1209 16:52:31.583947 4115830 fuser.cpp:676] transform dist: 0.0944706 m
I1209 16:52:31.585707 4115830 tsdf_deflation_integrator.cu:463] Decrement Range: 0.0238109 0.0288692
I1209 16:52:31.585741 4115830 tsdf_deflation_integrator.cu:529] CertifiedTSDF deallocated 1 blocks
I1209 16:52:31.585778 4115830 fuser.cpp:693] DOING DEFLATION!!
I1209 16:52:31.593457 4115830 fuser.cpp:767] Integrating frame 29
I1209 16:52:31.593549 4115830 fuser.cpp:669] Single Frame: Transform Matrix:
 0.917745 -0.203362  0.341157 -0.381963
-0.396497 -0.519118  0.757171 -0.733812
0.0231205 -0.830157  -0.55705  0.657251
        0         0         0         1
I1209 16:52:31.593569 4115830 fuser.cpp:676] transform dist: 0.0944333 m
I1209 16:52:31.595350 4115830 tsdf_deflation_integrator.cu:463] Decrement Range: 0.0216226 0.0289023
I1209 16:52:31.595396 4115830 tsdf_deflation_integrator.cu:529] CertifiedTSDF deallocated 9 blocks
I1209 16:52:31.595432 4115830 fuser.cpp:693] DOING DEFLATION!!
I1209 16:52:31.603122 4115830 fuser.cpp:767] Integrating frame 30
I1209 16:52:31.603205 4115830 fuser.cpp:669] Single Frame: Transform Matrix:
 0.915661 -0.191691  0.353298 -0.391036
 -0.39997 -0.521692  0.753566 -0.736543
 0.039861  -0.83132 -0.554363  0.668776
        0         0         0         1
I1209 16:52:31.603224 4115830 fuser.cpp:676] transform dist: 0.0900873 m
I1209 16:52:31.605064 4115830 tsdf_deflation_integrator.cu:463] Decrement Range: 0.0189567 0.0280438
I1209 16:52:31.605100 4115830 tsdf_deflation_integrator.cu:529] CertifiedTSDF deallocated 5 blocks
I1209 16:52:31.605136 4115830 fuser.cpp:693] DOING DEFLATION!!
I1209 16:52:31.613162 4115830 fuser.cpp:767] Integrating frame 31
I1209 16:52:31.613248 4115830 fuser.cpp:669] Single Frame: Transform Matrix:
  0.91075 -0.196098  0.363428 -0.400853
-0.410234 -0.530537   0.74178 -0.740503
0.0473508 -0.824667 -0.563633   0.65306
        0         0         0         1
I1209 16:52:31.613267 4115830 fuser.cpp:676] transform dist: 0.0937398 m
I1209 16:52:31.615104 4115830 tsdf_deflation_integrator.cu:463] Decrement Range: 0.0181178 0.0247841
I1209 16:52:31.615152 4115830 tsdf_deflation_integrator.cu:529] CertifiedTSDF deallocated 10 blocks
I1209 16:52:31.615188 4115830 fuser.cpp:693] DOING DEFLATION!!
I1209 16:52:31.622881 4115830 fuser.cpp:767] Integrating frame 32
I1209 16:52:31.622967 4115830 fuser.cpp:669] Single Frame: Transform Matrix:
 0.904107 -0.207277  0.373667 -0.423141
-0.424728 -0.531836  0.732637 -0.745593
0.0468707 -0.821089 -0.568873  0.654001
        0         0         0         1
I1209 16:52:31.623003 4115830 fuser.cpp:676] transform dist: 0.103741 m
I1209 16:52:31.624918 4115830 tsdf_deflation_integrator.cu:463] Decrement Range: 0.0191183 0.0269339
I1209 16:52:31.624963 4115830 tsdf_deflation_integrator.cu:529] CertifiedTSDF deallocated 8 blocks
I1209 16:52:31.625002 4115830 fuser.cpp:693] DOING DEFLATION!!
I1209 16:52:31.634095 4115830 fuser.cpp:767] Integrating frame 33
I1209 16:52:31.634198 4115830 fuser.cpp:669] Single Frame: Transform Matrix:
 0.900034 -0.233494  0.367994 -0.437264
 -0.43466 -0.542474  0.718883 -0.743274
0.0317724 -0.806972 -0.589736  0.653608
        0         0         0         1
I1209 16:52:31.634217 4115830 fuser.cpp:676] transform dist: 0.104711 m
I1209 16:52:31.636461 4115830 tsdf_deflation_integrator.cu:463] Decrement Range: 0.0191901 0.0283098
I1209 16:52:31.636494 4115830 tsdf_deflation_integrator.cu:529] CertifiedTSDF deallocated 0 blocks
I1209 16:52:31.636541 4115830 fuser.cpp:693] DOING DEFLATION!!
I1209 16:52:31.644543 4115830 fuser.cpp:767] Integrating frame 34
I1209 16:52:31.644618 4115830 fuser.cpp:669] Single Frame: Transform Matrix:
  0.90278 -0.232002  0.362163 -0.432272
-0.428886 -0.548862  0.717501 -0.755314
0.0323157 -0.803073 -0.595004   0.64596
        0         0         0         1
I1209 16:52:31.644635 4115830 fuser.cpp:676] transform dist: 0.0979042 m
I1209 16:52:31.646533 4115830 tsdf_deflation_integrator.cu:463] Decrement Range: 0.0258111 0.0294821
I1209 16:52:31.646570 4115830 tsdf_deflation_integrator.cu:529] CertifiedTSDF deallocated 0 blocks
I1209 16:52:31.646603 4115830 fuser.cpp:693] DOING DEFLATION!!
I1209 16:52:31.654789 4115830 fuser.cpp:767] Integrating frame 35
I1209 16:52:31.654866 4115830 fuser.cpp:669] Single Frame: Transform Matrix:
 0.898426 -0.233468  0.371917 -0.431025
-0.437592 -0.546692  0.713892 -0.761961
0.0366538 -0.804127 -0.593327  0.636616
        0         0         0         1
I1209 16:52:31.654883 4115830 fuser.cpp:676] transform dist: 0.0936434 m
I1209 16:52:31.656764 4115830 tsdf_deflation_integrator.cu:463] Decrement Range: 0.0244289 0.026588
I1209 16:52:31.656797 4115830 tsdf_deflation_integrator.cu:529] CertifiedTSDF deallocated 0 blocks
I1209 16:52:31.656831 4115830 fuser.cpp:693] DOING DEFLATION!!
I1209 16:52:31.664453 4115830 fuser.cpp:767] Integrating frame 36
I1209 16:52:31.664520 4115830 fuser.cpp:669] Single Frame: Transform Matrix:
 0.899638 -0.238618  0.365667  -0.44334
-0.435829 -0.541637  0.718807 -0.773972
0.0265388 -0.806035 -0.591274  0.617887
        0         0         0         1
I1209 16:52:31.664544 4115830 fuser.cpp:676] transform dist: 0.107622 m
I1209 16:52:31.666388 4115830 tsdf_deflation_integrator.cu:463] Decrement Range: 0.0126846 0.0285025
I1209 16:52:31.666424 4115830 tsdf_deflation_integrator.cu:529] CertifiedTSDF deallocated 0 blocks
I1209 16:52:31.666460 4115830 fuser.cpp:693] DOING DEFLATION!!
I1209 16:52:31.674364 4115830 fuser.cpp:767] Integrating frame 37
I1209 16:52:31.674438 4115830 fuser.cpp:669] Single Frame: Transform Matrix:
 0.889805 -0.257756  0.376574 -0.438189
-0.456086 -0.529888  0.714986 -0.782131
0.0152507 -0.807948 -0.589056  0.603953
        0         0         0         1
I1209 16:52:31.674456 4115830 fuser.cpp:676] transform dist: 0.107102 m
I1209 16:52:31.676306 4115830 tsdf_deflation_integrator.cu:463] Decrement Range: 0.013887 0.0285381
I1209 16:52:31.676340 4115830 tsdf_deflation_integrator.cu:529] CertifiedTSDF deallocated 2 blocks
I1209 16:52:31.676373 4115830 fuser.cpp:693] DOING DEFLATION!!
I1209 16:52:31.684191 4115830 fuser.cpp:767] Integrating frame 38
I1209 16:52:31.684264 4115830 fuser.cpp:669] Single Frame: Transform Matrix:
 0.885875 -0.242617  0.395427 -0.449328
 -0.46227 -0.533552  0.708258  -0.78579
0.0391459 -0.810222 -0.584815  0.611839
        0         0         0         1
I1209 16:52:31.684283 4115830 fuser.cpp:676] transform dist: 0.101846 m
I1209 16:52:31.686614 4115830 tsdf_deflation_integrator.cu:463] Decrement Range: 0.019688 0.0238216
I1209 16:52:31.686661 4115830 tsdf_deflation_integrator.cu:529] CertifiedTSDF deallocated 0 blocks
I1209 16:52:31.686699 4115830 fuser.cpp:693] DOING DEFLATION!!
I1209 16:52:31.694703 4115830 fuser.cpp:767] Integrating frame 39
I1209 16:52:31.694775 4115830 fuser.cpp:669] Single Frame: Transform Matrix:
 0.878241 -0.254484  0.404884 -0.449888
-0.476563 -0.536136   0.69674 -0.784782
0.0397635 -0.804858 -0.592134  0.596784
        0         0         0         1
I1209 16:52:31.694792 4115830 fuser.cpp:676] transform dist: 0.102082 m
I1209 16:52:31.696749 4115830 tsdf_deflation_integrator.cu:463] Decrement Range: 0.0186441 0.0285864
I1209 16:52:31.696784 4115830 tsdf_deflation_integrator.cu:529] CertifiedTSDF deallocated 3 blocks
I1209 16:52:31.696818 4115830 fuser.cpp:693] DOING DEFLATION!!
I1209 16:52:31.705260 4115830 fuser.cpp:767] Integrating frame 40
I1209 16:52:31.705339 4115830 fuser.cpp:669] Single Frame: Transform Matrix:
 0.880769  -0.25478  0.399164 -0.441034
-0.472268 -0.534463  0.700937 -0.783552
 0.034754 -0.805877 -0.591063  0.587607
        0         0         0         1
I1209 16:52:31.705359 4115830 fuser.cpp:676] transform dist: 0.0953843 m
I1209 16:52:31.707252 4115830 tsdf_deflation_integrator.cu:463] Decrement Range: 0.0126889 0.022812
I1209 16:52:31.707284 4115830 tsdf_deflation_integrator.cu:529] CertifiedTSDF deallocated 1 blocks
I1209 16:52:31.707324 4115830 fuser.cpp:693] DOING DEFLATION!!
I1209 16:52:31.715342 4115830 fuser.cpp:767] Integrating frame 41
I1209 16:52:31.715404 4115830 fuser.cpp:669] Single Frame: Transform Matrix:
 0.868731 -0.271876  0.413991 -0.424503
-0.494387 -0.526267  0.691827 -0.795186
0.0297787 -0.805684 -0.591597  0.575699
        0         0         0         1
I1209 16:52:31.715422 4115830 fuser.cpp:676] transform dist: 0.0968955 m
I1209 16:52:31.717777 4115830 tsdf_deflation_integrator.cu:463] Decrement Range: 0.018679 0.0282846
I1209 16:52:31.717813 4115830 tsdf_deflation_integrator.cu:529] CertifiedTSDF deallocated 1 blocks
I1209 16:52:31.717857 4115830 fuser.cpp:693] DOING DEFLATION!!
I1209 16:52:31.726684 4115830 fuser.cpp:767] Integrating frame 42
I1209 16:52:31.726771 4115830 fuser.cpp:669] Single Frame: Transform Matrix:
 0.868386 -0.270922  0.415339 -0.427256
-0.494886  -0.52672  0.691126 -0.788425
0.0315262 -0.805709 -0.591472  0.578716
        0         0         0         1
I1209 16:52:31.726791 4115830 fuser.cpp:676] transform dist: 0.0853695 m
I1209 16:52:31.728698 4115830 tsdf_deflation_integrator.cu:463] Decrement Range: 0.0193408 0.0238928
I1209 16:52:31.728734 4115830 tsdf_deflation_integrator.cu:529] CertifiedTSDF deallocated 2 blocks
I1209 16:52:31.728776 4115830 fuser.cpp:693] DOING DEFLATION!!
I1209 16:52:31.737735 4115830 fuser.cpp:767] Integrating frame 43
I1209 16:52:31.737836 4115830 fuser.cpp:669] Single Frame: Transform Matrix:
   0.8674 -0.287541  0.406125 -0.404534
-0.497275 -0.530883  0.686208 -0.777862
0.0182922 -0.797172 -0.603475  0.571165
        0         0         0         1
I1209 16:52:31.737857 4115830 fuser.cpp:676] transform dist: 0.0830552 m
I1209 16:52:31.739948 4115830 tsdf_deflation_integrator.cu:463] Decrement Range: 0.0192554 0.0236593
I1209 16:52:31.739990 4115830 tsdf_deflation_integrator.cu:529] CertifiedTSDF deallocated 2 blocks
I1209 16:52:31.740036 4115830 fuser.cpp:693] DOING DEFLATION!!
I1209 16:52:31.748935 4115830 fuser.cpp:767] Integrating frame 44
I1209 16:52:31.749038 4115830 fuser.cpp:669] Single Frame: Transform Matrix:
  0.865359   -0.30016    0.40132  -0.404896
 -0.501144  -0.522953   0.689474  -0.792178
0.00291954  -0.797762  -0.602966   0.545922
         0          0          0          1
I1209 16:52:31.749059 4115830 fuser.cpp:676] transform dist: 0.105509 m
I1209 16:52:31.751137 4115830 tsdf_deflation_integrator.cu:463] Decrement Range: 0.013451 0.0244873
I1209 16:52:31.751191 4115830 tsdf_deflation_integrator.cu:529] CertifiedTSDF deallocated 10 blocks
I1209 16:52:31.751248 4115830 fuser.cpp:693] DOING DEFLATION!!
I1209 16:52:31.760026 4115830 fuser.cpp:767] Integrating frame 45
I1209 16:52:31.760102 4115830 fuser.cpp:669] Single Frame: Transform Matrix:
  0.870774  -0.290894   0.396399   -0.41854
 -0.491678  -0.518727   0.699411  -0.787265
0.00216932   -0.80393  -0.594721   0.534578
         0          0          0          1
I1209 16:52:31.760142 4115830 fuser.cpp:676] transform dist: 0.110171 m
I1209 16:52:31.762043 4115830 tsdf_deflation_integrator.cu:463] Decrement Range: 0.0193692 0.0293835
I1209 16:52:31.762112 4115830 tsdf_deflation_integrator.cu:529] CertifiedTSDF deallocated 21 blocks
I1209 16:52:31.762153 4115830 fuser.cpp:693] DOING DEFLATION!!
I1209 16:52:31.770586 4115830 fuser.cpp:767] Integrating frame 46
I1209 16:52:31.770670 4115830 fuser.cpp:669] Single Frame: Transform Matrix:
 0.873427 -0.275051  0.401836 -0.404391
 -0.48674 -0.517693  0.703619 -0.793622
0.0144972 -0.810149 -0.586045  0.501457
        0         0         0         1
I1209 16:52:31.770689 4115830 fuser.cpp:676] transform dist: 0.139733 m
I1209 16:52:31.772612 4115830 tsdf_deflation_integrator.cu:463] Decrement Range: 0.0116534 0.0282538
I1209 16:52:31.772667 4115830 tsdf_deflation_integrator.cu:529] CertifiedTSDF deallocated 14 blocks
I1209 16:52:31.772704 4115830 fuser.cpp:693] DOING DEFLATION!!
I1209 16:52:31.780941 4115830 fuser.cpp:767] Integrating frame 47
I1209 16:52:31.781018 4115830 fuser.cpp:669] Single Frame: Transform Matrix:
 0.875001 -0.268063  0.403131 -0.409375
-0.483785 -0.515154  0.707509 -0.788232
0.0180179   -0.8141 -0.580445  0.491543
        0         0         0         1
I1209 16:52:31.781037 4115830 fuser.cpp:676] transform dist: 0.143752 m
I1209 16:52:31.783840 4115830 tsdf_deflation_integrator.cu:463] Decrement Range: 0.0192227 0.0247109
I1209 16:52:31.783891 4115830 tsdf_deflation_integrator.cu:529] CertifiedTSDF deallocated 7 blocks
I1209 16:52:31.783936 4115830 fuser.cpp:693] DOING DEFLATION!!
I1209 16:52:31.792399 4115830 fuser.cpp:767] Integrating frame 48
I1209 16:52:31.792477 4115830 fuser.cpp:669] Single Frame: Transform Matrix:
  0.86877 -0.260524  0.421148 -0.411774
-0.494495 -0.502266  0.709369  -0.78302
0.0267208 -0.824534 -0.565181   0.49184
        0         0         0         1
I1209 16:52:31.792495 4115830 fuser.cpp:676] transform dist: 0.138339 m
I1209 16:52:31.794430 4115830 tsdf_deflation_integrator.cu:463] Decrement Range: 0.0199445 0.027744
I1209 16:52:31.794478 4115830 tsdf_deflation_integrator.cu:529] CertifiedTSDF deallocated 10 blocks
I1209 16:52:31.794520 4115830 fuser.cpp:693] DOING DEFLATION!!
I1209 16:52:31.802845 4115830 fuser.cpp:767] Integrating frame 49
I1209 16:52:31.802914 4115830 fuser.cpp:669] Single Frame: Transform Matrix:
 0.858043  -0.27644  0.432831 -0.442796
-0.513074 -0.498745  0.698577 -0.793029
0.0227582 -0.821483 -0.569779  0.495365
        0         0         0         1
I1209 16:52:31.802932 4115830 fuser.cpp:676] transform dist: 0.128294 m
I1209 16:52:31.804747 4115830 tsdf_deflation_integrator.cu:463] Decrement Range: 0.0192895 0.0235548
I1209 16:52:31.804785 4115830 tsdf_deflation_integrator.cu:529] CertifiedTSDF deallocated 4 blocks
I1209 16:52:31.804821 4115830 fuser.cpp:693] DOING DEFLATION!!
I1209 16:52:31.813146 4115830 fuser.cpp:767] Integrating frame 50
I1209 16:52:31.813208 4115830 fuser.cpp:669] Single Frame: Transform Matrix:
 0.850031 -0.275241  0.449098 -0.447793
-0.525805  -0.49396  0.692483 -0.782579
0.0312369 -0.824771 -0.564604  0.487167
        0         0         0         1
I1209 16:52:31.813230 4115830 fuser.cpp:676] transform dist: 0.13257 m
I1209 16:52:31.815099 4115830 tsdf_deflation_integrator.cu:463] Decrement Range: 0.0134876 0.0288164
I1209 16:52:31.815146 4115830 tsdf_deflation_integrator.cu:529] CertifiedTSDF deallocated 9 blocks
I1209 16:52:31.815183 4115830 fuser.cpp:693] DOING DEFLATION!!
I1209 16:52:31.823485 4115830 fuser.cpp:767] Integrating frame 51
I1209 16:52:31.823549 4115830 fuser.cpp:669] Single Frame: Transform Matrix:
 0.841428 -0.263838  0.471581 -0.430276
-0.538351 -0.484662  0.689407  -0.78056
0.0466662 -0.833962 -0.549845  0.464389
        0         0         0         1
I1209 16:52:31.823582 4115830 fuser.cpp:676] transform dist: 0.147949 m
I1209 16:52:31.825714 4115830 tsdf_deflation_integrator.cu:463] Decrement Range: 0.0276238 0.0292801
I1209 16:52:31.825762 4115830 tsdf_deflation_integrator.cu:529] CertifiedTSDF deallocated 9 blocks
I1209 16:52:31.825802 4115830 fuser.cpp:693] DOING DEFLATION!!
I1209 16:52:31.834293 4115830 fuser.cpp:767] Integrating frame 52
I1209 16:52:31.834379 4115830 fuser.cpp:669] Single Frame: Transform Matrix:
 0.847526 -0.254183   0.46593 -0.418157
  -0.5277 -0.497596  0.688427 -0.792906
0.0568587 -0.829331 -0.555858   0.47803
        0         0         0         1
I1209 16:52:31.834398 4115830 fuser.cpp:676] transform dist: 0.125868 m
I1209 16:52:31.836292 4115830 tsdf_deflation_integrator.cu:463] Decrement Range: 0.0193594 0.0273932
I1209 16:52:31.836336 4115830 tsdf_deflation_integrator.cu:529] CertifiedTSDF deallocated 4 blocks
I1209 16:52:31.836385 4115830 fuser.cpp:693] DOING DEFLATION!!
I1209 16:52:31.844413 4115830 fuser.cpp:767] Integrating frame 53
I1209 16:52:31.844483 4115830 fuser.cpp:669] Single Frame: Transform Matrix:
 0.847621 -0.258142  0.463574 -0.434057
-0.528349 -0.491056  0.692613  -0.79215
0.0488484 -0.832002 -0.552618  0.476099
        0         0         0         1
I1209 16:52:31.844501 4115830 fuser.cpp:676] transform dist: 0.121609 m
I1209 16:52:31.846329 4115830 tsdf_deflation_integrator.cu:463] Decrement Range: 0.0155822 0.0260551
I1209 16:52:31.846376 4115830 tsdf_deflation_integrator.cu:529] CertifiedTSDF deallocated 8 blocks
I1209 16:52:31.846419 4115830 fuser.cpp:693] DOING DEFLATION!!
I1209 16:52:31.854192 4115830 fuser.cpp:767] Integrating frame 54
I1209 16:52:31.854251 4115830 fuser.cpp:669] Single Frame: Transform Matrix:
  0.84372 -0.249715  0.475162 -0.420699
-0.534368 -0.474627  0.699415 -0.784725
0.0508708 -0.844021 -0.533891  0.472083
        0         0         0         1
I1209 16:52:31.854269 4115830 fuser.cpp:676] transform dist: 0.120351 m
I1209 16:52:31.856168 4115830 tsdf_deflation_integrator.cu:463] Decrement Range: 0.0191291 0.0271813
I1209 16:52:31.856225 4115830 tsdf_deflation_integrator.cu:529] CertifiedTSDF deallocated 16 blocks
I1209 16:52:31.856266 4115830 fuser.cpp:693] DOING DEFLATION!!
I1209 16:52:31.863854 4115830 fuser.cpp:767] Integrating frame 55
I1209 16:52:31.863915 4115830 fuser.cpp:669] Single Frame: Transform Matrix:
 0.833516 -0.261066  0.486924 -0.423247
-0.550012  -0.47555  0.686541  -0.78107
 0.052325 -0.840058 -0.539968  0.474008
        0         0         0         1
I1209 16:52:31.863932 4115830 fuser.cpp:676] transform dist: 0.113835 m
I1209 16:52:31.865846 4115830 tsdf_deflation_integrator.cu:463] Decrement Range: 0.0206617 0.0292683
I1209 16:52:31.865901 4115830 tsdf_deflation_integrator.cu:529] CertifiedTSDF deallocated 11 blocks
I1209 16:52:31.865940 4115830 fuser.cpp:693] DOING DEFLATION!!
I1209 16:52:31.873975 4115830 fuser.cpp:767] Integrating frame 56
I1209 16:52:31.874045 4115830 fuser.cpp:669] Single Frame: Transform Matrix:
