0.906249106 -0.295431137 0.302378893 -0.356915921 -0.422744066 -0.633324564 0.648218691 -0.660272241 0.000000000 -0.715276480 -0.698841572 0.819236577 0.000000000 0.000000000 0.000000000 1.000000000
0.909388125 -0.284496963 0.303438187 -0.325884521 -0.415946424 -0.619635582 0.665612757 -0.630930126 -0.001343701 -0.731514394 -0.681824744 0.801017404 0.000000000 0.000000000 0.000000000 1.000000000
0.916940033 -0.268918425 0.294794738 -0.308775812 -0.398977965 -0.606531501 0.687703550 -0.649251938 -0.006133826 -0.748199522 -0.663445473 0.796768963 0.000000000 0.000000000 0.000000000 1.000000000
0.919067502 -0.253125221 0.302063972 -0.291830599 -0.394018888 -0.605753601 0.691239238 -0.636715472 0.008006334 -0.754314303 -0.656464517 0.784912765 0.000000000 0.000000000 0.000000000 1.000000000
0.922996879 -0.252579302 0.290311158 -0.277068734 -0.384784251 -0.597488523 0.703525662 -0.626499176 -0.004238305 -0.761058867 -0.648668766 0.768937051 0.000000000 0.000000000 0.000000000 1.000000000
0.920702934 -0.248461470 0.300953567 -0.244887084 -0.390260071 -0.589730978 0.707046211 -0.623199165 0.001808010 -0.768429458 -0.639931798 0.770922005 0.000000000 0.000000000 0.000000000 1.000000000
0.921948135 -0.241766602 0.302590042 -0.233949780 -0.387312770 -0.577192008 0.718914628 -0.613438249 0.000843095 -0.779998660 -0.625780523 0.762117505 0.000000000 0.000000000 0.000000000 1.000000000
0.925655961 -0.247665584 0.286047280 -0.224663079 -0.377950549 -0.569789231 0.729721665 -0.586156249 -0.017740203 -0.783582568 -0.621034324 0.768506467 0.000000000 0.000000000 0.000000000 1.000000000
0.931136787 -0.238577321 0.275799602 -0.219405949 -0.363891631 -0.558468938 0.745449901 -0.579337478 -0.023821838 -0.794476688 -0.606827378 0.765359282 0.000000000 0.000000000 0.000000000 1.000000000
0.937962592 -0.236264318 0.253783017 -0.219560623 -0.345056593 -0.564046919 0.750191510 -0.566529274 -0.034097843 -0.791220605 -0.610579610 0.760339618 0.000000000 0.000000000 0.000000000 1.000000000
0.938632846 -0.226210594 0.260379791 -0.241883740 -0.344329834 -0.570442438 0.745675862 -0.555282414 -0.020147957 -0.789571941 -0.613327205 0.740163267 0.000000000 0.000000000 0.000000000 1.000000000
0.932896674 -0.254920870 0.254400641 -0.235547125 -0.356435776 -0.552410126 0.753522813 -0.572445750 -0.051555067 -0.793636024 -0.606204569 0.747765303 0.000000000 0.000000000 0.000000000 1.000000000
0.930140018 -0.258489996 0.260812074 -0.229089037 -0.363613695 -0.549252748 0.752400577 -0.565985084 -0.051236123 -0.794672370 -0.604872525 0.747484863 0.000000000 0.000000000 0.000000000 1.000000000
0.925119460 -0.277745247 0.258866757 -0.221667811 -0.373904824 -0.548030555 0.748236477 -0.555987060 -0.065952070 -0.788999259 -0.610844016 0.748730481 0.000000000 0.000000000 0.000000000 1.000000000
0.923438311 -0.272981316 0.269709945 -0.225311339 -0.378954917 -0.537955582 0.752992153 -0.568215668 -0.060460694 -0.797549188 -0.600216329 0.755008519 0.000000000 0.000000000 0.000000000 1.000000000
0.923542321 -0.264835149 0.277367204 -0.214074016 -0.380239218 -0.538280606 0.752111852 -0.578197479 -0.049884185 -0.800072491 -0.597825527 0.734097600 0.000000000 0.000000000 0.000000000 1.000000000
0.925013244 -0.266185194 0.271102488 -0.217405573 -0.376310319 -0.543545842 0.750299037 -0.584234297 -0.052361771 -0.796054661 -0.602955222 0.732687473 0.000000000 0.000000000 0.000000000 1.000000000
0.917104065 -0.286437213 0.277262628 -0.224373683 -0.393987089 -0.545198262 0.739954829 -0.589996636 -0.060787410 -0.787852883 -0.612855971 0.727266669 0.000000000 0.000000000 0.000000000 1.000000000
0.919729471 -0.282996088 0.272050738 -0.251193762 -0.387854129 -0.548187733 0.740985453 -0.603392422 -0.060561020 -0.787021637 -0.613945484 0.727877676 0.000000000 0.000000000 0.000000000 1.000000000
0.925849319 -0.274536699 0.259679496 -0.263700694 -0.373115897 -0.555185497 0.743339539 -0.618457973 -0.059903610 -0.785110354 -0.616451979 0.733366191 0.000000000 0.000000000 0.000000000 1.000000000
0.927667797 -0.280298769 0.246710300 -0.257003695 -0.367445469 -0.567637265 0.736730576 -0.626012981 -0.066462629 -0.774093211 -0.629573047 0.727682471 0.000000000 0.000000000 0.000000000 1.000000000
0.926667392 -0.280037701 0.250733435 -0.254208773 -0.371205449 -0.576873124 0.727615416 -0.610174298 -0.059118275 -0.767330468 -0.638520777 0.713176727 0.000000000 0.000000000 0.000000000 1.000000000
0.929527462 -0.271950096 0.249043465 -0.265964150 -0.365141928 -0.584497213 0.724592805 -0.605770051 -0.051487774 -0.764464498 -0.642606258 0.714011729 0.000000000 0.000000000 0.000000000 1.000000000
0.922321796 -0.288889647 0.256643653 -0.276536316 -0.381965339 -0.580973387 0.718729973 -0.602873027 -0.058530431 -0.760928750 -0.646189988 0.708460987 0.000000000 0.000000000 0.000000000 1.000000000
0.918327868 -0.279273301 0.280501515 -0.277160466 -0.394298613 -0.583328307 0.710110545 -0.583652437 -0.034690328 -0.762714982 -0.645803511 0.707493007 0.000000000 0.000000000 0.000000000 1.000000000
0.908221424 -0.297324806 0.294503748 -0.274924427 -0.417241812 -0.589005411 0.692085326 -0.584046364 -0.032309730 -0.751445234 -0.659003615 0.703415632 0.000000000 0.000000000 0.000000000 1.000000000
0.909159541 -0.285162330 0.303499579 -0.271403491 -0.415777266 -0.580164552 0.700384498 -0.587336183 -0.023643468 -0.762948751 -0.646026134 0.683288634 0.000000000 0.000000000 0.000000000 1.000000000
0.905287087 -0.303760678 0.296960264 -0.294744134 -0.422682762 -0.574382126 0.701016784 -0.596615314 -0.042372569 -0.760140836 -0.648375034 0.697458386 0.000000000 0.000000000 0.000000000 1.000000000
0.899419487 -0.285928071 0.330590993 -0.303146333 -0.437061071 -0.580021739 0.687424541 -0.604163527 -0.004803915 -0.762771070 -0.646650732 0.683808923 0.000000000 0.000000000 0.000000000 1.000000000
0.902844191 -0.285694927 0.321327507 -0.307477325 -0.429826766 -0.580495477 0.691573560 -0.621073961 -0.011049867 -0.762498021 -0.646896124 0.690840542 0.000000000 0.000000000 0.000000000 1.000000000
0.908055782 -0.287177294 0.304900825 -0.303670764 -0.418317437 -0.585097194 0.694745839 -0.618603289 -0.021118589 -0.758412898 -0.651431978 0.694432080 0.000000000 0.000000000 0.000000000 1.000000000
0.903289855 -0.305394948 0.301333874 -0.318103731 -0.427479237 -0.580956757 0.692640424 -0.625615239 -0.036466897 -0.754468679 -0.655322075 0.697856426 0.000000000 0.000000000 0.000000000 1.000000000
0.911182344 -0.299917877 0.282482892 -0.316826552 -0.409863174 -0.590039313 0.695604682 -0.630686581 -0.041948255 -0.749601722 -0.660558403 0.700593114 0.000000000 0.000000000 0.000000000 1.000000000
0.910690069 -0.308533311 0.274683863 -0.298140764 -0.409324735 -0.584396124 0.700667381 -0.626274526 -0.055655017 -0.750525594 -0.658493638 0.697498679 0.000000000 0.000000000 0.000000000 1.000000000
0.904660404 -0.315486252 0.286458522 -0.289518833 -0.423161179 -0.585822940 0.691192091 -0.628006637 -0.050247584 -0.746512175 -0.663471878 0.692054212 0.000000000 0.000000000 0.000000000 1.000000000
0.904461980 -0.323336393 0.278213441 -0.302763313 -0.422676027 -0.591601074 0.686551869 -0.643093348 -0.057395797 -0.738554001 -0.671746790 0.673468232 0.000000000 0.000000000 0.000000000 1.000000000
0.897697449 -0.347241879 0.271224886 -0.290787160 -0.432717800 -0.578777909 0.691210389 -0.629240930 -0.083038166 -0.737861335 -0.669824839 0.681482017 0.000000000 0.000000000 0.000000000 1.000000000
0.898163795 -0.349162191 0.267185539 -0.300755203 -0.431675881 -0.585029721 0.686583281 -0.633183122 -0.083417349 -0.732001424 -0.676177025 0.675277770 0.000000000 0.000000000 0.000000000 1.000000000
0.897740185 -0.352346152 0.264414787 -0.307270348 -0.432593584 -0.591718256 0.680244625 -0.651003957 -0.083222404 -0.725066781 -0.683631599 0.680016994 0.000000000 0.000000000 0.000000000 1.000000000
0.895518422 -0.364918858 0.254717886 -0.349354148 -0.435298622 -0.599262416 0.671863139 -0.650869548 -0.092532545 -0.712543905 -0.695498884 0.685012043 0.000000000 0.000000000 0.000000000 1.000000000
0.887266159 -0.380807281 0.260278404 -0.361245275 -0.452029228 -0.605542123 0.654972374 -0.658000529 -0.091808580 -0.698787868 -0.709412813 0.677097738 0.000000000 0.000000000 0.000000000 1.000000000
0.880647659 -0.396951586 0.258629501 -0.355718583 -0.463165849 -0.606473744 0.646272004 -0.651377022 -0.099686511 -0.688925862 -0.717943966 0.675828457 0.000000000 0.000000000 0.000000000 1.000000000
0.880147517 -0.391914040 0.267850339 -0.352487504 -0.466982275 -0.613500357 0.636824489 -0.657556593 -0.085253954 -0.685580492 -0.722987533 0.676043093 0.000000000 0.000000000 0.000000000 1.000000000
0.879784048 -0.393909574 0.266111434 -0.361514479 -0.466671705 -0.609050512 0.641307712 -0.653090417 -0.090541661 -0.688398659 -0.719659150 0.673952043 0.000000000 0.000000000 0.000000000 1.000000000
0.868915856 -0.394431293 0.299013734 -0.356687754 -0.490053624 -0.600719869 0.631651402 -0.651083231 -0.069519341 -0.695384383 -0.715267360 0.667117298 0.000000000 0.000000000 0.000000000 1.000000000
0.858802140 -0.405855894 0.312633961 -0.358988136 -0.507493377 -0.590494037 0.627509058 -0.661286235 -0.070069492 -0.697565496 -0.713086486 0.673182249 0.000000000 0.000000000 0.000000000 1.000000000
0.868601680 -0.397032827 0.296472967 -0.373297065 -0.489526272 -0.594855487 0.637582481 -0.655980408 -0.076782361 -0.698936224 -0.711050332 0.676329374 0.000000000 0.000000000 0.000000000 1.000000000
0.862523079 -0.403928012 0.304789066 -0.366581619 -0.500810921 -0.595233083 0.628399849 -0.676860273 -0.072407484 -0.694650769 -0.715693593 0.687997043 0.000000000 0.000000000 0.000000000 1.000000000
0.870913863 -0.390285999 0.298640311 -0.373292416 -0.484989673 -0.584479511 0.650514424 -0.681922972 -0.079337291 -0.711379290 -0.698315859 0.669977367 0.000000000 0.000000000 0.000000000 1.000000000
0.869962573 -0.388977140 0.303087711 -0.370696455 -0.486826241 -0.579607189 0.653495252 -0.677757382 -0.078522652 -0.716067195 -0.693600655 0.676371276 0.000000000 0.000000000 0.000000000 1.000000000
0.869728744 -0.393598676 0.297745407 -0.364128023 -0.485325754 -0.572540343 0.660800219 -0.683434010 -0.089618549 -0.719220102 -0.688978076 0.654064000 0.000000000 0.000000000 0.000000000 1.000000000
0.875976264 -0.381110609 0.295669585 -0.349095643 -0.473645031 -0.563655674 0.676722348 -0.694349945 -0.091249920 -0.732834756 -0.674259901 0.637148082 0.000000000 0.000000000 0.000000000 1.000000000
0.880346894 -0.361384034 0.307231545 -0.342255235 -0.467085212 -0.547692060 0.694165111 -0.706548929 -0.082591638 -0.754609048 -0.650955915 0.625914156 0.000000000 0.000000000 0.000000000 1.000000000
0.878946483 -0.355676532 0.317722589 -0.352641225 -0.470409006 -0.536831439 0.700376868 -0.714060009 -0.078543909 -0.765052855 -0.639159262 0.609851658 0.000000000 0.000000000 0.000000000 1.000000000
0.876399815 -0.353074253 0.327509433 -0.358021438 -0.475723356 -0.528928101 0.702796340 -0.727995038 -0.074910156 -0.771733880 -0.631517828 0.581359982 0.000000000 0.000000000 0.000000000 1.000000000
0.873652458 -0.347939581 0.340103030 -0.361841440 -0.481585622 -0.518768787 0.706367135 -0.737754107 -0.069338046 -0.780907393 -0.620786011 0.562654018 0.000000000 0.000000000 0.000000000 1.000000000
0.868333936 -0.351562142 0.349858612 -0.366104573 -0.490689218 -0.506156743 0.709246039 -0.739702582 -0.072260551 -0.787533343 -0.612020373 0.548079431 0.000000000 0.000000000 0.000000000 1.000000000
0.880270004 -0.321870267 0.348604351 -0.360467672 -0.471081167 -0.505168021 0.723110139 -0.763027728 -0.056643687 -0.800752223 -0.596310854 0.539631546 0.000000000 0.000000000 0.000000000 1.000000000
0.875020564 -0.318481058 0.364567876 -0.343436003 -0.481550455 -0.495660692 0.722793400 -0.751511395 -0.049493842 -0.808015883 -0.587077498 0.529941261 0.000000000 0.000000000 0.000000000 1.000000000
0.864516199 -0.339172572 0.370910764 -0.347520411 -0.498168290 -0.480389804 0.721841156 -0.745649934 -0.066646792 -0.808818400 -0.584269166 0.537541568 0.000000000 0.000000000 0.000000000 1.000000000
0.864799619 -0.330290020 0.378194779 -0.350187272 -0.498336643 -0.472299606 0.727044940 -0.761368275 -0.061514270 -0.817215562 -0.573039532 0.532507837 0.000000000 0.000000000 0.000000000 1.000000000
0.865733624 -0.321084678 0.383941472 -0.339489341 -0.497719705 -0.471450806 0.728017747 -0.759228230 -0.052745670 -0.821363807 -0.567960441 0.524061978 0.000000000 0.000000000 0.000000000 1.000000000
0.852409780 -0.325019717 0.409586042 -0.338475078 -0.520090282 -0.446286410 0.728241146 -0.757135093 -0.053899914 -0.833780766 -0.549458086 0.502026379 0.000000000 0.000000000 0.000000000 1.000000000
0.854919195 -0.307291836 0.417954475 -0.336103320 -0.517000377 -0.438339680 0.735234380 -0.745766282 -0.042725395 -0.844647706 -0.533614516 0.502456903 0.000000000 0.000000000 0.000000000 1.000000000
0.856063843 -0.299888551 0.420978338 -0.340911061 -0.514577627 -0.417828709 0.748752177 -0.747302651 -0.048645318 -0.857604563 -0.512003481 0.503266156 0.000000000 0.000000000 0.000000000 1.000000000
0.845380783 -0.295128226 0.445232123 -0.358992577 -0.532125115 -0.392503977 0.750189483 -0.728755116 -0.046646688 -0.871113896 -0.488860041 0.507734179 0.000000000 0.000000000 0.000000000 1.000000000
0.836544633 -0.282172352 0.469651908 -0.338476032 -0.546940744 -0.379358917 0.746286392 -0.716993868 -0.032414742 -0.881172657 -0.471681744 0.491067439 0.000000000 0.000000000 0.000000000 1.000000000
0.828277886 -0.276049346 0.487599880 -0.353115886 -0.559476495 -0.359740466 0.746708572 -0.709786057 -0.030718967 -0.891281784 -0.452407748 0.489248246 0.000000000 0.000000000 0.000000000 1.000000000
0.811411560 -0.273731530 0.516414046 -0.359660417 -0.583970487 -0.342914462 0.735791385 -0.715111434 -0.024323404 -0.898599148 -0.438095450 0.479787320 0.000000000 0.000000000 0.000000000 1.000000000
0.796994805 -0.266722292 0.541903734 -0.365058035 -0.603416324 -0.312602997 0.733599961 -0.702944577 -0.026266668 -0.911667883 -0.410087109 0.475271851 0.000000000 0.000000000 0.000000000 1.000000000
0.778440595 -0.265478581 0.568816662 -0.369552791 -0.627227068 -0.293071181 0.721592784 -0.682383418 -0.024863591 -0.918493330 -0.394653440 0.444897592 0.000000000 0.000000000 0.000000000 1.000000000
0.753939331 -0.275639683 0.596321464 -0.361166060 -0.655760884 -0.261282235 0.708314836 -0.664702356 -0.039431397 -0.925069690 -0.377744257 0.439014822 0.000000000 0.000000000 0.000000000 1.000000000
0.742495000 -0.261488557 0.616705537 -0.356854379 -0.668906093 -0.240505606 0.703364909 -0.664010525 -0.035600681 -0.934762180 -0.353485107 0.448217660 0.000000000 0.000000000 0.000000000 1.000000000
0.724463403 -0.262361526 0.637432218 -0.352234304 -0.688218713 -0.223185077 0.690321624 -0.643126488 -0.038848408 -0.938804805 -0.342251182 0.455823958 0.000000000 0.000000000 0.000000000 1.000000000
0.717927277 -0.259820074 0.645813107 -0.359436780 -0.694363415 -0.201432854 0.690858066 -0.655919135 -0.049410731 -0.944414079 -0.325023353 0.451359183 0.000000000 0.000000000 0.000000000 1.000000000
0.695392549 -0.251454890 0.673201501 -0.368218333 -0.716770411 -0.175321832 0.674909711 -0.649029672 -0.051682331 -0.951857269 -0.302152574 0.446877748 0.000000000 0.000000000 0.000000000 1.000000000
0.694951236 -0.243087754 0.676721454 -0.385133952 -0.717027724 -0.163599029 0.677574694 -0.646993697 -0.053999048 -0.956108451 -0.287993640 0.433235049 0.000000000 0.000000000 0.000000000 1.000000000
0.670315087 -0.236084267 0.703521609 -0.377981693 -0.740245402 -0.146142155 0.656262279 -0.652572334 -0.052118946 -0.960680127 -0.272721231 0.441363245 0.000000000 0.000000000 0.000000000 1.000000000
0.651281536 -0.228538558 0.723604381 -0.382828265 -0.757020593 -0.129728153 0.640383840 -0.664697051 -0.052480526 -0.964852512 -0.257497579 0.438480645 0.000000000 0.000000000 0.000000000 1.000000000
0.644454777 -0.220631957 0.732120514 -0.387685478 -0.762571394 -0.115004055 0.636600316 -0.665401518 -0.056257550 -0.968553185 -0.242362157 0.438671410 0.000000000 0.000000000 0.000000000 1.000000000
0.636254549 -0.214871526 0.740952909 -0.389486820 -0.769037843 -0.100281730 0.631288588 -0.669676661 -0.061341919 -0.971480072 -0.229048684 0.450078428 0.000000000 0.000000000 0.000000000 1.000000000
0.628225207 -0.210469395 0.749023616 -0.381705284 -0.774949670 -0.083651051 0.626463354 -0.657126188 -0.069194749 -0.974014819 -0.215654552 0.444268256 0.000000000 0.000000000 0.000000000 1.000000000
0.613591552 -0.192095965 0.765901506 -0.406886071 -0.786926568 -0.068647400 0.613216758 -0.659848332 -0.065219328 -0.978972137 -0.193286583 0.452594846 0.000000000 0.000000000 0.000000000 1.000000000
0.607037365 -0.167616770 0.776795208 -0.422644287 -0.793961346 -0.086528234 0.601779819 -0.647257566 -0.033653706 -0.982047498 -0.185606807 0.458105683 0.000000000 0.000000000 0.000000000 1.000000000
0.609210372 -0.156070322 0.777499378 -0.420256108 -0.792715311 -0.093146145 0.602434039 -0.652178824 -0.021601079 -0.983344078 -0.180464670 0.464969158 0.000000000 0.000000000 0.000000000 1.000000000
0.584096074 -0.141135067 0.799320459 -0.443582982 -0.811323702 -0.072119698 0.580131948 -0.663150251 -0.024230301 -0.987359703 -0.156630829 0.468103319 0.000000000 0.000000000 0.000000000 1.000000000
0.566259086 -0.130622312 0.813811302 -0.441774845 -0.823595107 -0.050982632 0.564882457 -0.668063700 -0.032296114 -0.990120232 -0.136449099 0.459570378 0.000000000 0.000000000 0.000000000 1.000000000
0.552762866 -0.109920442 0.826057553 -0.440495610 -0.832871854 -0.039671537 0.552042425 -0.677101672 -0.027909886 -0.993148267 -0.113478415 0.463688850 0.000000000 0.000000000 0.000000000 1.000000000
0.540629327 -0.124340765 0.832021475 -0.449958682 -0.840260684 -0.031577941 0.541262448 -0.693796575 -0.041027576 -0.991736889 -0.121550433 0.474287152 0.000000000 0.000000000 0.000000000 1.000000000
0.529790282 -0.112666674 0.840612233 -0.450555027 -0.847684801 -0.038248613 0.529119909 -0.685118914 -0.027462047 -0.992896378 -0.115769371 0.479481965 0.000000000 0.000000000 0.000000000 1.000000000
0.525329351 -0.094092116 0.845680833 -0.459773421 -0.850630641 -0.033073250 0.524722874 -0.703057230 -0.021402979 -0.995013952 -0.097411796 0.484915674 0.000000000 0.000000000 0.000000000 1.000000000
0.512459457 -0.082119226 0.854776025 -0.459966362 -0.858622670 -0.034621309 0.511438072 -0.713404655 -0.012405539 -0.996020973 -0.088251285 0.501493633 0.000000000 0.000000000 0.000000000 1.000000000
0.511041701 -0.101178929 0.853580415 -0.461742252 -0.859111786 -0.028172716 0.511012435 -0.711809754 -0.027656104 -0.994469404 -0.101321280 0.510823369 0.000000000 0.000000000 0.000000000 1.000000000
0.490097404 -0.097475193 0.866200507 -0.457841873 -0.871062219 -0.017709659 0.490853816 -0.709888756 -0.032506045 -0.995080471 -0.093586251 0.531030536 0.000000000 0.000000000 0.000000000 1.000000000
0.493656397 -0.093452558 0.864621460 -0.460077465 -0.869141877 -0.018773627 0.494206786 -0.734766245 -0.029952914 -0.995446742 -0.090491116 0.537990808 0.000000000 0.000000000 0.000000000 1.000000000
0.497390121 -0.091138080 0.862726629 -0.461572856 -0.866554677 -0.005104636 0.499056518 -0.752799749 -0.041079246 -0.995825231 -0.081514999 0.549439907 0.000000000 0.000000000 0.000000000 1.000000000
0.500566304 -0.092973873 0.860691309 -0.463531524 -0.864038944 0.007886769 0.503363729 -0.766092837 -0.053587850 -0.995637417 -0.076385096 0.554796576 0.000000000 0.000000000 0.000000000 1.000000000
0.495470613 -0.093030222 0.863628685 -0.477203399 -0.867443860 -0.001147865 0.497534305 -0.776053846 -0.045294497 -0.995662749 -0.081267104 0.563237369 0.000000000 0.000000000 0.000000000 1.000000000
0.490302622 -0.087529287 0.867146015 -0.497860134 -0.870568395 -0.001904021 0.492044151 -0.800048590 -0.041417301 -0.996160328 -0.077133670 0.558794081 0.000000000 0.000000000 0.000000000 1.000000000
0.492679358 -0.105823129 0.863752723 -0.496642590 -0.868764758 -0.002596646 0.495218575 -0.794606447 -0.050162826 -0.994381845 -0.093214586 0.558375061 0.000000000 0.000000000 0.000000000 1.000000000
0.496327192 -0.107206620 0.861490726 -0.503854036 -0.866616607 -0.002493871 0.498968631 -0.804754972 -0.051344398 -0.994233847 -0.094144687 0.567391455 0.000000000 0.000000000 0.000000000 1.000000000
0.496755451 -0.116394319 0.860050440 -0.516500235 -0.865489244 0.007240356 0.500875473 -0.817161500 -0.064526223 -0.993176877 -0.097141251 0.567786694 0.000000000 0.000000000 0.000000000 1.000000000
0.484487921 -0.125545084 0.865742624 -0.531335115 -0.871715546 0.013729788 0.489820272 -0.838229120 -0.073381074 -0.991993129 -0.102787606 0.571623027 0.000000000 0.000000000 0.000000000 1.000000000
0.484791845 -0.121863112 0.866098523 -0.544810414 -0.870379508 0.030293478 0.491449207 -0.862205267 -0.086126730 -0.992084801 -0.091381028 0.589129448 0.000000000 0.000000000 0.000000000 1.000000000
0.467482567 -0.122501515 0.875473499 -0.551569700 -0.880533934 0.023125494 0.473419249 -0.854011476 -0.078240395 -0.992199183 -0.097055860 0.589894116 0.000000000 0.000000000 0.000000000 1.000000000
0.467381448 -0.111426465 0.877005816 -0.551289022 -0.881451786 0.017362189 0.471955419 -0.869789243 -0.067815125 -0.993621290 -0.090102188 0.598778367 0.000000000 0.000000000 0.000000000 1.000000000
0.475880623 -0.104367308 0.873295724 -0.536376536 -0.875747919 0.035520770 0.481460631 -0.886546731 -0.081268921 -0.993904531 -0.074495688 0.615676045 0.000000000 0.000000000 0.000000000 1.000000000
0.462786287 -0.105698109 0.880146027 -0.535159588 -0.882856667 0.034606304 0.468366176 -0.889140308 -0.079964064 -0.993796110 -0.077300832 0.639873266 0.000000000 0.000000000 0.000000000 1.000000000
0.463037521 -0.123125650 0.877745152 -0.534258604 -0.882079720 0.032959610 0.469946146 -0.889054894 -0.086792611 -0.991843760 -0.093344979 0.643776238 0.000000000 0.000000000 0.000000000 1.000000000
0.449672639 -0.139616415 0.882214308 -0.552133858 -0.888296485 0.033389289 0.458055496 -0.905391514 -0.093408622 -0.989642680 -0.109006397 0.651105523 0.000000000 0.000000000 0.000000000 1.000000000
0.450341642 -0.150093600 0.880150378 -0.553179562 -0.888334751 0.023768153 0.458581269 -0.919237912 -0.089749709 -0.988386214 -0.122629456 0.651550889 0.000000000 0.000000000 0.000000000 1.000000000
0.441583097 -0.168362454 0.881282449 -0.562134862 -0.891508579 0.028328806 0.452117682 -0.939251304 -0.101085372 -0.985318244 -0.137586877 0.659473419 0.000000000 0.000000000 0.000000000 1.000000000
0.426078588 -0.182691887 0.886047959 -0.537739336 -0.896570206 0.045630675 0.440545440 -0.930595040 -0.120915100 -0.982111037 -0.144353628 0.669768155 0.000000000 0.000000000 0.000000000 1.000000000
0.414431483 -0.184467241 0.891189516 -0.545791090 -0.901597857 0.050175656 0.429656088 -0.942688465 -0.123973571 -0.981557310 -0.145520717 0.682781994 0.000000000 0.000000000 0.000000000 1.000000000
0.418267548 -0.192710966 0.887645841 -0.526194513 -0.897839487 0.060340595 0.436169624 -0.960361123 -0.137615830 -0.979398727 -0.147784829 0.685711265 0.000000000 0.000000000 0.000000000 1.000000000
0.392310798 -0.203729719 0.896987677 -0.518170953 -0.909969091 0.056471985 0.410813391 -0.952532828 -0.134349659 -0.977397263 -0.163233042 0.680266976 0.000000000 0.000000000 0.000000000 1.000000000
0.384649932 -0.201713204 0.900753379 -0.515545607 -0.911898077 0.068278328 0.404697925 -0.966761649 -0.143134922 -0.977061987 -0.157678500 0.694922924 0.000000000 0.000000000 0.000000000 1.000000000
0.364282280 -0.207516283 0.907874405 -0.514748454 -0.920727432 0.066151276 0.384558737 -0.970367014 -0.139859319 -0.975992501 -0.166968063 0.704544365 0.000000000 0.000000000 0.000000000 1.000000000
0.357394606 -0.209437653 0.910167694 -0.514125764 -0.923334658 0.067308404 0.378051758 -0.974545419 -0.140440300 -0.975502729 -0.169325233 0.714661896 0.000000000 0.000000000 0.000000000 1.000000000
0.346651137 -0.221774340 0.911399662 -0.494020283 -0.927398682 0.064600706 0.368454516 -0.951205373 -0.140590921 -0.972955763 -0.183279172 0.739675403 0.000000000 0.000000000 0.000000000 1.000000000
0.351691842 -0.213655829 0.911407888 -0.483561456 -0.926663876 0.058551710 0.371303290 -0.947898388 -0.132695735 -0.975152671 -0.177394822 0.726062119 0.000000000 0.000000000 0.000000000 1.000000000
0.336490840 -0.218223467 0.916052818 -0.485932559 -0.934580028 0.041902725 0.353277147 -0.948004127 -0.115478612 -0.974998653 -0.189847246 0.735231936 0.000000000 0.000000000 0.000000000 1.000000000
0.320287645 -0.225635469 0.920056999 -0.487928897 -0.941426933 0.032358956 0.335661322 -0.945830464 -0.105509311 -0.973674059 -0.202054963 0.749182701 0.000000000 0.000000000 0.000000000 1.000000000
0.292297304 -0.243168831 0.924895525 -0.491375417 -0.949694991 0.039901260 0.310624212 -0.947994769 -0.112438716 -0.969162762 -0.219273090 0.746329725 0.000000000 0.000000000 0.000000000 1.000000000
0.261868000 -0.251501501 0.931757808 -0.477706283 -0.959276378 0.038108218 0.279887080 -0.961686194 -0.105899736 -0.967106283 -0.231279969 0.770427287 0.000000000 0.000000000 0.000000000 1.000000000
0.270639956 -0.258847237 0.927228451 -0.478727281 -0.957854927 0.023919003 0.286255330 -0.951400459 -0.096274868 -0.965621948 -0.241464451 0.751686096 0.000000000 0.000000000 0.000000000 1.000000000
0.261007011 -0.264393598 0.928424299 -0.499439567 -0.961236238 0.017376168 0.275178552 -0.977489173 -0.088887975 -0.964258313 -0.249609187 0.741594195 0.000000000 0.000000000 0.000000000 1.000000000
0.248796672 -0.279507399 0.927348912 -0.525172293 -0.963210762 0.029049989 0.267172664 -0.992423832 -0.101616278 -0.959703982 -0.261996806 0.764990747 0.000000000 0.000000000 0.000000000 1.000000000
0.222151220 -0.280836225 0.933691621 -0.514418602 -0.968287826 0.048730768 0.245038792 -0.985469222 -0.114315353 -0.958517730 -0.261104524 0.777490079 0.000000000 0.000000000 0.000000000 1.000000000
0.199899912 -0.276838124 0.939894021 -0.528829396 -0.974473298 0.043871298 0.220175222 -0.984846413 -0.102187350 -0.959914446 -0.261001289 0.780366242 0.000000000 0.000000000 0.000000000 1.000000000
0.202079475 -0.274400026 0.940142810 -0.540123165 -0.974082708 0.043293837 0.222009867 -0.973205447 -0.101621978 -0.960640371 -0.258539349 0.788256288 0.000000000 0.000000000 0.000000000 1.000000000
0.188268945 -0.279842913 0.941404700 -0.530540526 -0.978107631 0.033106372 0.205449283 -0.970762551 -0.088660084 -0.959474683 -0.267483413 0.782830536 0.000000000 0.000000000 0.000000000 1.000000000
0.180460572 -0.283434480 0.941859305 -0.524177372 -0.979813576 0.031944152 0.197344631 -0.963851094 -0.086021215 -0.958459258 -0.271948159 0.804204404 0.000000000 0.000000000 0.000000000 1.000000000
0.159260631 -0.287627459 0.944408000 -0.513583422 -0.984545052 0.024318367 0.173434556 -0.956481397 -0.072851047 -0.957433462 -0.279309124 0.794970453 0.000000000 0.000000000 0.000000000 1.000000000
0.141139522 -0.280687273 0.949365199 -0.517246723 -0.987887144 0.022534998 0.153528169 -0.952285469 -0.064487413 -0.959534466 -0.274106711 0.797966301 0.000000000 0.000000000 0.000000000 1.000000000
0.128192917 -0.283171177 0.950463414 -0.532716572 -0.989949286 0.021177897 0.139827073 -0.944642961 -0.059723876 -0.958835363 -0.277610153 0.802597880 0.000000000 0.000000000 0.000000000 1.000000000
0.125695527 -0.298492789 0.946098626 -0.522633016 -0.990029097 0.023383256 0.138908342 -0.945391417 -0.063586056 -0.954125226 -0.292577296 0.806368351 0.000000000 0.000000000 0.000000000 1.000000000
0.109697774 -0.294392675 0.949367762 -0.501396477 -0.991111577 0.039925873 0.126900956 -0.945933640 -0.075263098 -0.954850078 -0.287396133 0.819788814 0.000000000 0.000000000 0.000000000 1.000000000
0.082751498 -0.308156550 0.947729707 -0.495478868 -0.991806149 0.067412071 0.108518288 -0.945533574 -0.097329088 -0.948944151 -0.300053000 0.843764067 0.000000000 0.000000000 0.000000000 1.000000000
0.067321055 -0.318174422 0.945638776 -0.494163305 -0.993299603 0.067860857 0.093545929 -0.952085495 -0.093935817 -0.945600212 -0.311473966 0.854233861 0.000000000 0.000000000 0.000000000 1.000000000
0.046773627 -0.332678854 0.941879392 -0.472553104 -0.994465828 0.073292725 0.075271644 -0.935281038 -0.094074212 -0.940187573 -0.327409476 0.863420248 0.000000000 0.000000000 0.000000000 1.000000000
0.027918648 -0.357503980 0.933494151 -0.465720862 -0.992853403 0.098479897 0.067408189 -0.921496034 -0.116029121 -0.928704619 -0.352199495 0.895026624 0.000000000 0.000000000 0.000000000 1.000000000
0.022788851 -0.371803343 0.928031743 -0.476407021 -0.993624747 0.094095305 0.062096585 -0.920112312 -0.110411152 -0.923530102 -0.367288589 0.909343421 0.000000000 0.000000000 0.000000000 1.000000000
0.016500771 -0.390680045 0.920378685 -0.477393031 -0.993090689 0.100559101 0.060488466 -0.902181864 -0.116184086 -0.915017188 -0.386321366 0.932774782 0.000000000 0.000000000 0.000000000 1.000000000
0.030428056 -0.394807935 0.918259680 -0.491982371 -0.992159605 0.099482954 0.075648822 -0.905967057 -0.121217944 -0.913361490 -0.388685405 0.935959995 0.000000000 0.000000000 0.000000000 1.000000000
0.009696243 -0.408655375 0.912637293 -0.489412785 -0.992936552 0.103995755 0.057115003 -0.901734531 -0.118250713 -0.906744301 -0.404760420 0.949378669 0.000000000 0.000000000 0.000000000 1.000000000
-0.006894780 -0.440845639 0.897556543 -0.485598445 -0.993010879 0.108775564 0.045797385 -0.884892881 -0.117821738 -0.890967250 -0.438514441 0.964086950 0.000000000 0.000000000 0.000000000 1.000000000
-0.016569225 -0.445429593 0.895163655 -0.474501163 -0.993148923 0.110908799 0.036803812 -0.884949625 -0.115674980 -0.888420761 -0.444215477 0.977449298 0.000000000 0.000000000 0.000000000 1.000000000
-0.027003895 -0.452857018 0.891174138 -0.462200820 -0.992877305 0.115639135 0.028676212 -0.885460079 -0.116040766 -0.884051919 -0.452754050 0.996310532 0.000000000 0.000000000 0.000000000 1.000000000
-0.038109183 -0.456920505 0.888690829 -0.444709808 -0.990101993 0.137481749 0.028227249 -0.889853776 -0.135076284 -0.878818691 -0.457637131 1.002077699 0.000000000 0.000000000 0.000000000 1.000000000
-0.059859063 -0.461175919 0.885287344 -0.449239910 -0.991170228 0.132580146 0.002046008 -0.907459259 -0.118315011 -0.877347827 -0.465039849 1.025137424 0.000000000 0.000000000 0.000000000 1.000000000
-0.070981972 -0.448369831 0.891025305 -0.423119247 -0.990737855 0.135358140 -0.010813347 -0.909259796 -0.115759060 -0.883539915 -0.453824818 1.025534153 0.000000000 0.000000000 0.000000000 1.000000000
-0.084089451 -0.450333148 0.888891995 -0.421054989 -0.988526583 0.150029853 -0.017507385 -0.902662575 -0.125476092 -0.880165458 -0.457782120 1.038524032 0.000000000 0.000000000 0.000000000 1.000000000
-0.096184313 -0.448782235 0.888449788 -0.419552267 -0.986300409 0.163150549 -0.024366550 -0.907216311 -0.134015709 -0.878621995 -0.458326608 1.060903549 0.000000000 0.000000000 0.000000000 1.000000000
-0.091704488 -0.450167179 0.888222873 -0.427098811 -0.987536550 0.155693144 -0.023051091 -0.907885075 -0.127913252 -0.879266381 -0.458834350 1.071626544 0.000000000 0.000000000 0.000000000 1.000000000
-0.111115821 -0.449276060 0.886456072 -0.424836189 -0.986653090 0.156708315 -0.044253044 -0.914079309 -0.119033106 -0.879541814 -0.460692376 1.074884534 0.000000000 0.000000000 0.000000000 1.000000000
-0.124209315 -0.443688244 0.887531877 -0.434357166 -0.983484864 0.173717022 -0.050795566 -0.899476945 -0.131641924 -0.879183292 -0.457937866 1.097949982 0.000000000 0.000000000 0.000000000 1.000000000
-0.122615822 -0.461228788 0.878768146 -0.445052356 -0.983750224 0.173496053 -0.046204325 -0.902110934 -0.131151929 -0.870153606 -0.475007266 1.113144517 0.000000000 0.000000000 0.000000000 1.000000000
-0.134002283 -0.456173688 0.879743695 -0.457280964 -0.981561840 0.183207318 -0.054513700 -0.890296519 -0.136307672 -0.870827734 -0.472312808 1.113253951 0.000000000 0.000000000 0.000000000 1.000000000
-0.145525336 -0.464780092 0.873385370 -0.475259185 -0.980176210 0.187699214 -0.063434243 -0.893582880 -0.134450659 -0.865302682 -0.482881367 1.121231318 0.000000000 0.000000000 0.000000000 1.000000000
-0.140303463 -0.478235155 0.866952240 -0.464649916 -0.980095506 0.191297129 -0.053090207 -0.905668736 -0.140455753 -0.857144535 -0.495555818 1.110699892 0.000000000 0.000000000 0.000000000 1.000000000
-0.144507051 -0.468657821 0.871480107 -0.459687352 -0.976500630 0.209855005 -0.049068179 -0.912245512 -0.159888163 -0.858091533 -0.487970173 1.128249288 0.000000000 0.000000000 0.000000000 1.000000000
-0.140535772 -0.472014755 0.870317101 -0.459749550 -0.977871418 0.203769058 -0.047390547 -0.904207826 -0.154974535 -0.857718289 -0.490206629 1.125676394 0.000000000 0.000000000 0.000000000 1.000000000
-0.146047756 -0.471669644 0.869596362 -0.457495511 -0.976673961 0.208612427 -0.050880861 -0.898514867 -0.157409519 -0.856743276 -0.491134852 1.142080665 0.000000000 0.000000000 0.000000000 1.000000000
-0.160171807 -0.482867748 0.860920250 -0.451214224 -0.976987243 0.202011973 -0.068463497 -0.883137941 -0.140857249 -0.852074087 -0.504112244 1.152548313 0.000000000 0.000000000 0.000000000 1.000000000
-0.162707627 -0.493919402 0.854148686 -0.459973842 -0.979574740 0.184526056 -0.079897307 -0.883657753 -0.118149705 -0.849702358 -0.513854802 1.154088497 0.000000000 0.000000000 0.000000000 1.000000000
-0.186409980 -0.492689431 0.850005031 -0.452710360 -0.973777413 0.207499981 -0.093281411 -0.899392605 -0.130417109 -0.845104337 -0.518449903 1.155758500 0.000000000 0.000000000 0.000000000 1.000000000
-0.201440856 -0.504253745 0.839731991 -0.454056948 -0.967829347 0.234417364 -0.091404684 -0.888427794 -0.150756449 -0.831130028 -0.535252810 1.154406786 0.000000000 0.000000000 0.000000000 1.000000000
-0.193142459 -0.512616813 0.836612284 -0.451961666 -0.967996895 0.238809228 -0.077149943 -0.885326862 -0.160242230 -0.824739099 -0.542335749 1.162771463 0.000000000 0.000000000 0.000000000 1.000000000
-0.203549758 -0.521433711 0.828658283 -0.443947673 -0.964386582 0.252788663 -0.077823482 -0.887891114 -0.168895498 -0.814987957 -0.554318726 1.153126121 0.000000000 0.000000000 0.000000000 1.000000000
-0.182530612 -0.529428303 0.828485668 -0.424586236 -0.969274282 0.238216221 -0.061322480 -0.879492581 -0.164892718 -0.814223230 -0.556642830 1.146726012 0.000000000 0.000000000 0.000000000 1.000000000
-0.179024011 -0.524577916 0.832327187 -0.413209945 -0.969220400 0.239359051 -0.057612203 -0.866180360 -0.169002816 -0.817022562 -0.551282465 1.164364219 0.000000000 0.000000000 0.000000000 1.000000000
-0.194504559 -0.536586404 0.821123004 -0.410126895 -0.966987669 0.245387629 -0.068701968 -0.851030886 -0.164628789 -0.807378709 -0.566601276 1.168105364 0.000000000 0.000000000 0.000000000 1.000000000
-0.213628426 -0.533126354 0.818620384 -0.404112995 -0.963508964 0.253328949 -0.086459517 -0.842288673 -0.161286250 -0.807218194 -0.567790091 1.184504509 0.000000000 0.000000000 0.000000000 1.000000000
-0.212369621 -0.551524699 0.806672037 -0.398625255 -0.965640426 0.244985476 -0.086724326 -0.853371859 -0.149792179 -0.797372699 -0.584601760 1.195835352 0.000000000 0.000000000 0.000000000 1.000000000
-0.235499069 -0.559356153 0.794770956 -0.390377641 -0.960292578 0.259799063 -0.101700671 -0.834785461 -0.149593741 -0.787163138 -0.598327637 1.190379381 0.000000000 0.000000000 0.000000000 1.000000000
-0.247903571 -0.553501666 0.795097232 -0.385931164 -0.955182076 0.276697099 -0.105196722 -0.853181660 -0.161774486 -0.785541415 -0.597288668 1.200655699 0.000000000 0.000000000 0.000000000 1.000000000
-0.253537387 -0.547849894 0.797232211 -0.382484347 -0.953218877 0.281736344 -0.109539255 -0.843617380 -0.164598167 -0.787709236 -0.593651056 1.213129520 0.000000000 0.000000000 0.000000000 1.000000000
-0.266427457 -0.546255410 0.794116735 -0.369347960 -0.951376438 0.281187028 -0.125766978 -0.821849406 -0.154594377 -0.789011836 -0.594609857 1.220836520 0.000000000 0.000000000 0.000000000 1.000000000
-0.274868220 -0.540272236 0.795332134 -0.355265111 -0.946712375 0.296511948 -0.125764817 -0.821623564 -0.167878136 -0.787519753 -0.592983603 1.230864406 0.000000000 0.000000000 0.000000000 1.000000000
-0.268712640 -0.547298491 0.792627037 -0.348197639 -0.949386656 0.289452165 -0.121994652 -0.831476808 -0.162660003 -0.785291255 -0.597377002 1.228531957 0.000000000 0.000000000 0.000000000 1.000000000
-0.273827463 -0.554277539 0.785999179 -0.349319875 -0.949509203 0.285916358 -0.129167497 -0.822488844 -0.153135270 -0.781683266 -0.604583085 1.214845777 0.000000000 0.000000000 0.000000000 1.000000000
-0.303303421 -0.547327280 0.780025482 -0.342868954 -0.939842641 0.306844622 -0.150141150 -0.807174206 -0.157170191 -0.778639674 -0.607468247 1.205647111 0.000000000 0.000000000 0.000000000 1.000000000
-0.309824884 -0.547285140 0.777487874 -0.327192813 -0.934809208 0.324651301 -0.143990934 -0.801567912 -0.173608229 -0.771415055 -0.612191916 1.215005875 0.000000000 0.000000000 0.000000000 1.000000000
-0.329500198 -0.545014918 0.770965755 -0.316246182 -0.929928541 0.328558058 -0.165174037 -0.822946429 -0.163284540 -0.771368265 -0.615084648 1.219127893 0.000000000 0.000000000 0.000000000 1.000000000
-0.343882054 -0.545468688 0.764335454 -0.307417780 -0.928731203 0.317695051 -0.191123188 -0.820752919 -0.138573736 -0.775586486 -0.615843236 1.212214589 0.000000000 0.000000000 0.000000000 1.000000000
-0.345103085 -0.539764166 0.767826855 -0.300039500 -0.927943349 0.318946779 -0.192857340 -0.807619393 -0.140798301 -0.779055953 -0.610939860 1.212718606 0.000000000 0.000000000 0.000000000 1.000000000
-0.358898103 -0.535504520 0.764478028 -0.291250646 -0.921423614 0.333930373 -0.198667541 -0.802537203 -0.148894951 -0.775709987 -0.613273323 1.229872942 0.000000000 0.000000000 0.000000000 1.000000000
-0.360098928 -0.536481738 0.763227224 -0.275127858 -0.920262277 0.338546723 -0.196222439 -0.809315979 -0.153118163 -0.773029149 -0.615614057 1.235565186 0.000000000 0.000000000 0.000000000 1.000000000
-0.361578017 -0.556725085 0.747875690 -0.268041104 -0.923002243 0.326997221 -0.202828735 -0.813023269 -0.131633267 -0.763629913 -0.632093370 1.250371337 0.000000000 0.000000000 0.000000000 1.000000000
-0.364146352 -0.551104963 0.750786483 -0.276434422 -0.923348963 0.319011837 -0.213677347 -0.809262753 -0.121750958 -0.771048307 -0.625029087 1.244081259 0.000000000 0.000000000 0.000000000 1.000000000
-0.361214846 -0.557078242 0.747788191 -0.252270073 -0.925046325 0.315146506 -0.212065563 -0.808095813 -0.117525518 -0.768340528 -0.629158735 1.247725606 0.000000000 0.000000000 0.000000000 1.000000000
-0.368646890 -0.564953268 0.738191485 -0.246697500 -0.922760904 0.318342954 -0.217186034 -0.807328701 -0.112297878 -0.761239827 -0.638672888 1.243304014 0.000000000 0.000000000 0.000000000 1.000000000
-0.374793857 -0.572505772 0.729222894 -0.249397233 -0.920725286 0.321983576 -0.220434010 -0.798179030 -0.108597852 -0.754032016 -0.647797942 1.229157329 0.000000000 0.000000000 0.000000000 1.000000000
-0.393255293 -0.577321887 0.715576053 -0.241607890 -0.914493322 0.326137394 -0.239449009 -0.786680937 -0.095136717 -0.748554885 -0.656212270 1.230623722 0.000000000 0.000000000 0.000000000 1.000000000
-0.396857053 -0.577071726 0.713787138 -0.240746930 -0.914880693 0.311501741 -0.256825686 -0.791193306 -0.074138843 -0.754953861 -0.651573420 1.236112475 0.000000000 0.000000000 0.000000000 1.000000000
-0.418344319 -0.570895255 0.706445992 -0.228587672 -0.905480862 0.323233992 -0.274997413 -0.776492357 -0.071352407 -0.754717648 -0.652157843 1.244705081 0.000000000 0.000000000 0.000000000 1.000000000
-0.431988806 -0.566730738 0.701570630 -0.209269792 -0.899926126 0.322023422 -0.293995082 -0.773257554 -0.059305873 -0.758364975 -0.649126291 1.251335740 0.000000000 0.000000000 0.000000000 1.000000000
-0.425512522 -0.582372308 0.692662358 -0.201576084 -0.903383732 0.318396986 -0.287263274 -0.774579346 -0.053247143 -0.747974634 -0.661587656 1.229600668 0.000000000 0.000000000 0.000000000 1.000000000
-0.447703302 -0.567485154 0.691029549 -0.185419708 -0.890828252 0.349928319 -0.289782971 -0.774104774 -0.077363007 -0.745326102 -0.662195981 1.230292797 0.000000000 0.000000000 0.000000000 1.000000000
